lxvi

1444111411. 41444
1444114 4,44. 4, 7. 11141. 4. 44
14411111 1404. 44, 4. 14. 1, 14. 1, 41.

mnu

Factumegreglelmdrtvidnhfflmff

4414444444,44
4414414444. 441441

147. 4, 147. 4, 44. 41. 11. 1, 4. 44. 1444111141. 04. 44, 4. 11. 4. 4,7

47. 11. Epl. 4, 47 .
ruci-nti. 4. 4, 74
1441444. 44. 144. 14, 44. 11. 4,177.
444414 4134114441. 11.
quid 1111 14. l, 44
1441414, 144
14411144 4, 44
14414 4144111. 4, 71
14414 4, 44
1441414 4, 44. 11. 4, 44
dimovet 1111414 curvo 11. 04. 4, 14
1411411114 1114414441 14. 4
ἰ 1441414 permulta 1444141 1. 4. 4, 44
14414444 11. 4, 44
1441411441. 14, 74
rudens 4, 144. 11. 4, 44
1411411114 1444441 jun 11414. 4, 44
144144444414414 44411 reguum puero·
1441 4141114 ἰ. 1, 44
144144 (nom.) 11. 4. 4, 14
4111441 m 11. 04. 14, 44
444414 . 4. 4, 47
144144 (verb.) 4, 44. 1. 1141. 1, 44. Α.Ρ.
rueret 11. s. 1, 44. 1, 44. 4. 44
144114 4, 444
1441144104. 11, 4. 111.41,4. 1. 4. 1,
144111 11. 04. 14, 44
1441114 1. 44, 4. 11. 4. 4,74
14411444 11. 1141. 1, 414
14414441. 14, 44 ,
14414 17, 41
14414 1. 4. 4, w. 11. 4, 144. 414
14411 1. 1, 44. 2. 14. 41. 11. 4, 4417,
117. 1. Epi. 11, 17. 14, 4. 11. 1, 44.
Α. Ρ. 447
1441441414
1441414414 refert 11. 1411114
4441441144 4414111114 Δ. Ρ. 447
41 141114 probet 1. 14117, 14
1411414111 horruerim i. S. 4, 44
1444411411. Epl. 1, 4
1114114114 peribunt A. Ρ. 44
14 44411 1. S· 14, 44
1411184111141414111141 1111744411 1. 4, 44
144114 pure 14141441 decom 11. 1, 444
14411141 Α. 1.474
ructo 14 s· ⁰5 8⁴ '
114144 14, 44. Α. Ρ. 447
14441 11411114 1. 4. 4, 144
1441441 44444414141114,44
4414 4144 44441444

1444444114

144141 homo 1.4,44
amm 4444141414114144
44411 41 11. 04. 1, 44
racundo Mercuri ...4144441141
14444414 11. 7, 44
4444111 11444 A. P. 41
4414141444 144
simulitum 4144414111 14111417
14441. 4. 44. 47
4141441144 4114441 talem 11114 11. 4.
F ...4ιῖιὲοὲ 144441 or 11. 14
44441 . . ,
Facibus 414 peruncti A. Ρ. 477
Iecur· Cot 11. 4. 4, 4
14144 Galen· 41441141 vitem 1. 04. 41,4
14444 14411144 4144111444 zp. 4, 11
1414144 foco ii. Β. 4, 44
11111111. 04. l, 44
rum 111441. 44, 14
14141111 11444111 pecul: 1441144441414·
14144414 1114411411. 11, 14
bibuli potem 1. Epl. 1441
141141 4141 1111114 juger: Epa, 14
liquidi i. 441. 14, 44
1141441114 4414141114 141411
neg} 4441έ41ἶρῗῖ1ἶ411. 04. 47. 14
ν 44. ,
14144114 1411441 4114 11. 04. 4, 14
14141114 411414 414114 Hymetti· 4411111414
..ιὲθωὲηέἳῃῗ ..11414414
ο murce 1 ,
hrenum 4, 14
1411444111 1. 4, 114
14114414 1. 04. 4, 14
FlnflRt ξρ- 14, 21· 114 ΕΡ14 20 ¹¹⁷0
141141 111. 04. 44, 44
141141 7, 44
1111. 11, 14. 1. 44. r, 11
14114441 spe· 14, 44
1111441441. laborem 11. 4. 4, 14
1411εὲ111. uunquam 1411444 olivo Ep. 14,
44111114 vito 1. Epl. 14, 144

1411414111. Ο4.14,44. 11. 4, 44. 11141. ’

44111111444414441144 11. 04. 4, 14

141111111111141111441444
ir. Od. 4, 14

hospite· 41114 ugron 11. 4, 44

1411441111. ΕΡ14 ¹89 w

 

