0000 1101111101 1011101011

1671 0101010108. ·

1680 11011011 Art of Ρο1011 with 1011111111 01001 Bul 01 1101·
0001000,1.010,4,

- 101101 011101111 1111101010,111.11111111’111001,1111100’
1111101111. 1100118,

lm 101001110011101111011101101111111111111 1111101611
10001.1111111111,1000.6.

-10100118111111,1111101111101110011’011110111011011
0110010100, Ρε, 81110111001000. 8.

168611111111101 101101,010.10001011110·1·10101 1111100111οω
10111οο11 110011111ζῦ10, 011010,1011011010,Α.1010,1111010,
1111111111111111,

1696 11011011 Art 01 101011, translated 1000 11011110 11111 by
8001000100, Lond. 8.

'- 1101111111 01 101011 0110111010 1000 1011110 111010,ἴ 01
00111111 01 1001001001οο, 1000. 8.

1709 1016111111 110 0111010 01 1101101, 111 English 111010,
016, 11001001. pr. D. 11101101 1100118.

1711 1000011, 6111111, 01111111, 11111110 01 1010110100
1101,0110.011100.1.0011 8. ·

1712 The 6111111, Epium.. 1011111001· Ρο101111 101111, 10
Engliahpmmbya Dnmter. Pr. 111011011000 8 .

·-·,1010011 1110011, 10001111, 610111. 01110111110811·
111111. 10110. 8.

1713 101 0011, 111001111ιο Carmen 61001111 01 1101101111
latin 1111 English. 11011 1111010001 01 1811101111 00011, 00 1111100
1111 added 110011 upon 11001110 24 Ρ1111, 21011, Ρ1100. 101 0111.
110000, 10011. 12. ⁴ .

1714 110111 11010101 111010011 Epulas, 1111 omen 61011·
1110011101100,101.1010100111110,1.10000,ον011,10,’

1715 10101111 100 6101111 01 Horace, 0001· 1000 11011110 10111,
010001010110101110011011 with 11111110 111 1101011, 01010111
000101111111101,

- 1717 Q Horatii 111001 0111010101,111011111111111,1111111
Euri 11 1001000000, 1000. 0, 1110110101 1111 11111 011101·
common.

1716 1111001101 1101101, 0110111010 1010 English 11111, 01
111011 00111111, 0100, 011010, 4, ·

 

