111 nom-lum. xliii

opi: 1111111111 06. 16 66 « 1111111111111 111. 06, 617
61ρ1111Ερ1,11,61.11,1,166 16111161111ρ11Ε1111111.11,16
0111111111. S. 6, 66 1111116111111 111111 S. 6, 116
011ρὶ116, 6 juvenum reserreA. P. 66
0111116,16.1161 6,116 1111111111.ΕρΙ.16, 161
01111111.6.6,1661,) 1,.6111 6,61. Α.Ρ. 6111111611111111111111611, 66
66666 apientiam retegis 1111111, 06, 61,
0111111111, om, 11 16
0111111111 1111 A. P. 666 1111611111111111111111 1111111. 6, 66
0111111111111111111. 06. 16, 66 111111111Ιί111. 06. 7, 61
Cupressum A. P 16 111111111111111111111. 16, 11
Cu 1111111111, 066, 16. Ep. 6, 16 01111(1116.)0111111111111, 66, 66
01111066 6..6 6. 6. 16, 16, 66, 6, 61111161111111111116111.16,66
11.11,11.17,1,111,1,166116,1111111111ᾶί116,17
1666.’ ιι, 1, 66. 66, 16666. 77. 1111111111 numerum 1116111111111111111
Cur(ptoproptemquod) )i.Ep1.,8 16 6111111.01.1,11.16. 6, 66. 1,,11111
Cw(pmel⁸tivo 1116111) 6, 7 17, 66. 11. 6, 166. A. Ρ..66 667
111(.11111)1.0 16, ).66 111. 16,17. 0611111111151111111. od. 16, 66
11,,16)1. 11.,,.6666 1.,.6111,166 011111.11.66,.661..,ΕΡΙ616
·11.1, 161 A. P. 661 . 0111111111,166
011ιὶ111611, Epl. 16, 16 01111116. Ρ. 66
11116011, 66 , 0111111,Ε[11.1,67.17,6
1111111111 1. 16, 16 sublimia 16, 16
1616161111611. S. 6, 66 01111111. 06, 6,66. 0. 6.71.Α.Ρ,661
1111111111, P. 666 01111111. od. 6, 7
,1111111101 &a cumn 1 11
1111111116.6.6,66 01111111. El. 1, 66
vitius· 11. 06. 16,66 0111111111 17, 77
0111116666 Qriupxpo 111106. 66,11
0111611111. 06, 17,16.Δ, P. 166 1166111111111111111. Epi 6, 66
Cum 1. S. 6, 66. 6, 16, il. 6, 6. 16111. 1111111116,166
6, 66 Curium i. 06. 16, 61
lu'ae 671 od ll, ,ὅ cuso 38, 01 1618101191 61ΕΡ1111110
1131111676 ’ 6,6
01111111. P· 1116, 166, 16 01111111.Ο6.66,66
commercii. S. 6, 18 01111111.6.16,6
6111111111111111116111, 661 0111111111 16, 16. 11. 6, 666
1111111161ιοί167, 116 currem Ep. 6, 66
·111111111111111111611. 6, 66 6111111111.01.11,11.Α.Ρ,61
[1111111111 Ep. 6, 67 0111111111. 611166 · ..
1166161111116. Epl. 1, 616 01111111 i. S. 1, 61. 6. 67. 16, 1. 166.
nuptupqpp 1111111111 11111 1111111111. c 1168 m
1111111
0111111611, Epl. 6, 66 0111111, Ep 1. 6, 66
0111111616,66 0111111111,Ρο61,6
0111111116, 6 01111111. Epl. 1, 66
01111111111111.,6,667 61111101611161111.46 .
leviter videtur ii. Epl. 1, 61 61 media noete 11, 6. 6. 668
oderit (1106111111 1111106. 16, 66 cmm 1111111111 111. 06. 6, 66
pelliculamii. S. 6, 66 ’ 6111111111. 6, 6
0111111111, Ep 1. 6, 161 11111111116111. 167
0111111111 eluere 1611111111 11. od. fulgentei. S. 6, 66
η, 20 grul 11161101161111111106. 16, 66

11111111 1111111111111131611. 11111, 6 66 11111600, S. 6

. Cum (ιιοιιι. ) Abignt 16, 16 661111, 06. 66, 61

1111161611Ερ. 6, 67 11111111116111. 1, 177 ’
animo non deduxit i. Epl. 6, 66 Currum volucrem egit 1, 06. 66, 6
111111111111111. 01116, 16 0111111111. S. 1, 66 6, 66. i..Epl 11. 67

 

