1800 111110 1111100011 111

111111 111 0010 0111110010 000101οο00110. 010 M 1001000] 1101000 aad
1000001. · 001110011ωο 110000 0010010101010001

0101001101]Αά10010101001111.111· 0000000010 1000 11010110 01, dn 10

001] [10100101. m 1000110οὴ01ος 0001000100101110,1111111000010010110
111010001001100000010000110. Ar· 1110111001 1001011 quarumnam·-

1100000110 0100111111 0001011010 011100· mn, 1110111111οο 1011000111-11001010
1111101111οι1ωο 1110010 ent: 0110 1011000 001101 1001110, 010010 000 100110 010-

011111011111111101010000000100110,0111· 0001000111οη1001110001.0100. 11011· -

1101110110 00011110 0011111. nm. 0000010001001]Ι1111101011100110100)1
0101100111] Ρ10111010100,001 0010 110101110110 00001100. ·
1000100 0001001010011. 1101010000] 000 111010011οςα111111010100
1100110 adeo 0010 0000001001000111111, κο11101001010100000010111101. 1100·
111, 0111 0111111101,1111000100 0110011100 00 m 001100 1000] nm 000
111 110 1001111111 00110 01101. 110110] 01101100 00000111οι1, 10 000 01111οι·
11101100,1111101110,10001, (1011011100, 01001100 01100111 1011011010 00000100»
1000011001011010101110. 1000001. 1111111 011100 001000 1110010111. nn
011 Vm 000] 110000111010110· 0001.
0101110010 0001010000οω001ωο 001 0111101111 000100] ne 001100 10110
1001001000 1110011001, 00 0000011οι 00000110. 00001011001010111101 01100-
011000000011100000110100001000,000 11111100.
0 01111110 0011001 00110100 00010110 00 000 0001100010000011010] Cu 00·
u· 001000100011010010010100100010- 1001 00011010 00 00110]οι 1010110010
1001,0110100001011100001100101001οι 1100110 0000110000. 1000000011 001010
οο0111110100.ί’000. 1110,00100]1’0» 10011111 111101 0010000. 1000001. 100000·
1111110 00000110. 0011] Non 00000111 11100 0111 00111.
011000010001010010] Qun 0011101 001 Qun 1000010010] 1101101 0110-
0100001001. 0110110 non 1111011101 0110110000 lubun·
010 cm 001010 1000101] 11100010 00011000.
0000111100· 1001000 0111000000οὼ 001 0110101 0101111010] 80111111 1111·
000 001 1110001010 0111100 10 000110 0011 11010 0111100010 Toum&
110010 0011111, 0011100010 0110 sibenli- 10010] 1100011 1111 0010001101 0001.
1110111111001 001011000100001110011- 801. 10. 0010010100111111110110011(

· 1100011101,10000111001110110 000110101000101.

001000100001100111011011001100010010 000 011101οΜ0110] 8101110 01011·
11110000010010000100001000110010. 111001οω000001 00111100οι ·
jore 010011 011 11101010 0010100100. 001 comoda 11100] 11110011.
Verum 1111111 0111001010000010011110110 0001000000011100. -
0100000111110111111011101000000011111 000 &d 100100 011 mu 00011001]
11001101 qnoque, 0111 ”munuum 1100110 11100 0011110111 001100010110111,
00011010 11101001, 0011110001 1111000 0011100 0 01. 010. ’110110 00100111
(1100101000 0110,(1001111001100000001 1101110,’ 010. 0000110000100001·
describendo 001110111, 0001100110001 1101110 1100 0100 10 10111 010011010οω10,
00110111. 1001001. cm 000100] 11011- 0110111010 00001, 1011 000100 01101001·
10011011011110 00010. nt 1101 011010 10001001000110001111100011011110. 1100
001110111οο0 01100 0001000100. a· 101ωο,0000010011101110000000000·
0110111 10011100 dem] 81 1111110111οι -1111111011,101111001100001001101111,000
00010011101010001100000101010011- 001 01111111 0101011010100100 0000001
0101010, 010. (0110101110 0000111110 00011101 010 00010·
011 1010011100 00000 001000] 111 0000000100100000000001000-
10110100011000. 10111011 0111111 commodnti 001000;

 

