ccxlii

8111011 1101111111 11. 8111. 1, 141
1101111111 1111111111 1111101 1111 118.

1111011110117,101
1111011001ΕΡΙΛΜ
1111011111.1,11
suburbanum} mo
8110100000. .1,11
&hemmam
Succeduntmc
succedentum

' 8110111111.Ρ.111

81111 1110110011, 11

8111111110 111111 111111 1. 0, 11

81111111011011111111111111 ii. 0, 101

8111111111 1. 11111. 17, 40

800311111οή pisti! 111 ⁸0 81 ⁴⁶

80010 Piceni· 1101111 cedunt 11011111

Succos 11111111 ducere iii. 01. 1, 10

sum 111 s· ⁸, 2⁸

succurrite Α. Ρ. 100

Saccus 0111111111. 011. 17, 01

s 111111 1111110111. 8. 1, 100
u n 011. ,

8110111111 i. E 1. 11, 10

8001111110 . P. 411

sudet 1111111111 141

Sudor 0111111 10 111101 10011. 8. 0, 10
(1111111 1111 11111111 1111111 Ep. 10, 10
1111 1101011101710. 10

&dom 11. ΕΡΙ. 11 wo

81111 fcto i. 81. 17

8111111101111011.01
flammati-ml?

8111111111 11111111111101 i. 11111. 10, 17

1110111101111101131111. 1111.
1. 111. 10, 41

sni, 111 81 ²1· 1111 41 πο 11. fi· Ὦ.
Ep. 1, 1. 11, 1. 11111. ii.
0, 00. 1. ΕρΙ. 18, 00. 1111, 11. 11

1111111 11111111 ,0,10

811111(1110111.)1. ,4, 70 ·

8111111111. 011. 1, 10

81111111 1. 8. 4, 05

81111011. 111111, 84

‚ 8111101110,7

8111111111 11011111011111111. 00. 11, 10
sum ¹, ³· ΕΡ. 11 101 1. 8191191001
71. 11. 1,74. 1, 180. 0, 7. 7, 71.
10111. 1. 1111111. 1111. ii.
00011 pudenter i. 17, 44
Sume (1111111 11. 8. 1. 100
1110111110... iii. 0111, 11
1111101111 1. 13111. 111 10

mnu

pt'nmium 01111 11 8. 1, 101
saporum 011111 quadum 111. od.
tibi 011111 11. 8. 1. 117
1111100010 8, 187
Sumere 1111110 1. 8. 0, 10
ex 1001101110 1, 00
mihi nolim 0, W
purten 1111101 101111, 0
Vite. 11 ΕΡΙο ¹⁸> 8⁸
8111111101 vitm 111. 00. 0, 17
80011 mimum 00110111 11. 811. 1, 110
novt 10111111 i. 18, 11
80011 nequeunt 0 ii. 8. 7, 100
8101111100 tib celebrare 1. 00. 11, 1
Sumit 1111111 iii. 1, 10
0011011101101101111111117
8110111 equum 1011111111 Δ. . 11
80111111 infelix 0111111 14
11111111 ii. 8. 1, 111 ,
1111111111 111 1111011111. 1, 10
1101 0111111. 011111
1011111111 11. S· 1, 10
8000101010118111.1,1
ulmo i. Od. 1, 0
voce i. 8. 1, 7
Summa deperdat 4, 11
Summa 01111111 ii. 1, 114
hodierna 11111101 adjiciant 1101101
11. 00. 7, 17
Summum nummomm 1111111
nuo 1011011111 11. 8. 1, 00
1111111110 incidero 1, 04
10 8110011111.Ε111.1,100
Summe munite loco ii. 1, 11
Summi 01111 1111111110 1111111011 1101.
8011011101 1111100110 1. 11, 11
111011100124, 0
summisere 111011111ιο 11. 1, 01 .
8011101101 11. 8. 4, 41
1111111110111, 11. A. P. 111
Summos 10011101 feriunt sulgon ii. 00.
81000111111110011111. 11 tn
8101101110 11100. 181 1
summovet 10, 17 ,
tumultu lictor 10, 10
Summum 00111118. 0, 70
tectum 1. 0, 71
10 8110000111 11110111,Μο
fortuma venimus 11. 11111. 1, 11
Summus 01011. 8. 0. 10
1111111 ab imo perdocet i. 8111 1. 04
111111110ηῆ1 pudenter dabitur A. Ρ.
8011111 11110 1. 8. 2, 10
81110111 A. Ρ. 111

 

