111111111111111111 111. 110. 18111

1111 1111111 1111111111 11111111, 11 11111111111111111111111111111 111.
111, 1111111 1111111111 11111 11111 11· 1111111111 1111111111 1111111111·
1111 11111. 1111111111111111111111111 111111-
11 Pone-doque 1111]1111111111· 111111111111. 1111111. Demu-
1111 1111111111111111111111 111111 11111]Ν111111111111111111111111
11111111111111111111111111 1111, 111 11111, qnam 1111111,11111,
11111111 11111111111111, 111111111- 111111111111111111 1111111, 11
1111 111111111111111111111 11111, 1111111111111111111111111.
douo 1111111111 1111113 1111111. 111 Prior 11 11111] 111111 1111111
Pandam 1111] n« 11111111 1111, 1111111111 11111111111111111111111
11 11111111 11111111 1111111111 111 11111111111111 111111111111 1 tu·
11111111111111111111. 111111 11111111111111111111, 11111111·
14 Bm] 1111111111111. 11111111111111111111111111111111
111111 111 plu] 11111 11111 11111 111 1111 111111 11111111 ‹luend-
111, te. 111 1111 111111111111111111111111
1111111111 01111]Β1111111(1111111 11111111111111111111111111,1111111
innodantu- 111111 mmuh·- videlieet, 1111111111111111111. 111·
111]11111111111111111111111111111 1111. wit 11111111111111] 111
1111, 111 11111 cujusque 1111111 11·111111111111111,1111111111111111
111111111111111111111111· ,1111111 11111111111.
1111111111. 1111111 1111111111- 11Ρ111111111]Ρ111111111111111
111] 11111111 1111111 111111111111 111111111,111.01. 11. ι11111 11111
0111111111. 111111 Prono· 111111 11111 11111
u 1111111 saun] Ingreditur 811 Montibus? 8111111111111111111
11111111111111111111111111111111- 11111111111111111111111111111,111
111 1111 111111, 111 11111111. cm. 1111111 ,· 11 11111111111111111111
1111111111] cm 111111111111111- 1111111111,11111111ι 1111111’ 1111·
11111111111111111111111. 11111. ι11111111111111111 11111111
18 111 111 11111111] 111111 11111 11111111111111111111,1111111
ull-nume. 1111111111111111]1111 11111111111111 11 11111 1111 1111
111111111111111111.1111.11111111,· aquo 1111 1111, 11 111 puniam
11·111111111111111’1111111.01.11. 11111111. 11111111 1111110111 *11
11111111 111111 111 111111 11111111 11111 1111111111,’ 11 ‘e tribua-li:
111 1111 1111 1111111111111111, ι111111111111”11111,’11*11111111
11111 11 1111111111 111111 1111111· 1111111,’1111111111111. Tm. 111·
1111111111111111111. 1111111111] 1111111111] 11111111 111 1111111111 11·
1111111 111111111111 1111 1111111 1111.
11111111111111111 1111111 1111 11 1111111111111111101111111111
1111111111 11111111. 1111111. 111111 11111111 111111,11111111111111 -
1111] (11111111 1111111111 111111 1111111111111111111111ι1111 11·
111111111111111111111111111111. 111111 11111. cm. Neminem·
11 1111111111 111111] 111111 1111- 1111] 1111111 11111 111111 mnu
1111 1111111111111 1111111111 1111 111111111111111111111111111
111111111 11111 11111 1111111111. 1111111111111111111111111111111·
111111, 11 111111 1111111, 11111111, 1111111111111111111111 1111111111
111111111111111111111111111111111 1111. 111111111111111111111111-
11111111111111181111111111111111 sitammam. 11111111111111
1111111111111111111111111 111111- 1111111111111111]11111111111 111
1111 1111111, 11111 11 1111111111 11 1111 111 11111111. 1111111111 11.
111111 11111111 11111111111111111 1111 1111111 1111111111 111. 01111.

 

