010 11011

Inue 10101ιῦ01111ηο 111101 111000, 00 soboba Potentiam 110 1. 1110. 17, 0
111010011001000111111011010100, hoc 0111101110 sonem 10111110 11. S·
111111110101010010111001.10,07 1010110 exemplu 1110 morumque
1111000010 011.0.7,00 Ap. 017
ooelo ii. 7,0 1011001010110010001. 1101101
111101 10 modo· 00101011 deduxisse iii. 00110010 0011100 111. 00. 01,7
00,10 10100010. 10, 10 .

1111001000111.10,18 1000011001 civium 111. 0,0
ltaque i. Epl. 1, 10 subeo 010110 utque togam 0010001010 11.

110101. 0. 0, 77. Α. Ρ. 00 S. 0, 77
1010000010111010011111010111. 17,0 11100000000,70
1101001101101111001101111011. 0. 0, 00 1001110 inter 011111νο0100 0111100111
fectum· per Syrte· aettuom i. 00. 110,οΙ
00,0 1011011 1111011111,101
11001000110111110101 1. 0. 0, 0 J 0110101 010111 0, 00
1010101010 11101001 torpens 111. 00. 10110111 perferre i. 1101107
07, 0 011000 ιιι micorum numero 0110 1. 0.
liberum munivit C. 0. 00 0, 01
longum 0111100101 1. 0. 0, 00 subet 10 lucrum 110 A.J>. 000
0101101Δοοὲιο1 iniquum 0111101 01011- 00000οα cupreum 11000101 Ep. 0,
vit . .118 17
non 011 0111010111001. 10, 10 cupidinum 1011 mter 1111111010 uno·
nuncque 11010111. 0. 0, 10 1011101100000101. 10, 0
peragunt propositum 111100 11. 0,00 0110 spen 111111. 1301. 0, 17
100ιο0110 01 vita 111Ιο0111 1001111 menum poni ii. 0. 0, 108
1. 00110100 2 1110001101 0010111110010 01 11111111.
1001010010 carpam 011111 11. 00. 17, 00. 00, 00
10 01011010110010, 10
100111 negaui· 111. 0, 00 0110011101,10001111.0,00
tutum et 011001 10, 7 1011010 prior i. 7, 00
1101001011 ingens 0010117, 00 01110101 110 7, 70
11001110110100101100 111111 iii. 0, 00 10000100000111000, 00
1101110 cogor 001101 101001. 00, 0 vitu 1, 0
0101110111111000111101011. 10, 10 vite 011010 A. Ρ. 000
110111 voces i. Epl. 10, 10 ι 0100011111010010110.0,00
110111Εο 1309100110 Tyriis muricibus Jucunde 01011110 illm 01οο0111001 1. 0,
11110οΡ 1. 00. 10, 10. 08, 10. 1. 0. 10, 1000001011111300 10010111 Ep. 0, 00
00. 70. 11. 7, 00. 1. Epi. 1, 0. 0, 0 ,Iucundiu in 100111 11. 0. 0, 00
Ithacam 10101111. 0. 0, 0 0101000101001. 0, 00
Ithaco 1000100011 1100 0111011111. npl. 000110οἓ10 uine 110010 jocisque nihil 011
7, 01 1. 10, 06
Ithacensis Ulyssei remigium vitiosum 0, 31113ιὲ11001) 1000111 1. 0. 0, 00
68 u ' 0, 100
1111110110 01110101 orbis Britannos Co· 000011 curtis 00000010 0, 70
101010 servet 1. 00. 00, 00 ,11100111 Apella 0, 100
110101 0101101 100111 0οο 0111 Ep. 0, 011001 1000101010 1100111. 00. 0, 01
00 candide sermonum i. Epl. 0, 1
Ityn gemens 0011111101 1111 11. 00. Ιο,0 eorm 1010101111 mule 0111011111 verum
Jubae 10111111. 00, 10 11. g. 0, 0
J ube 110000 1010 1010110110 11. 0, 10 10110110001110000111. 00. 0, 10
11100100111010110. 0, 00 qui 11101).οω
J 1 11 01000 trocho ludere 111. 00. 10101011. 0. 7, 101
2457 1101010100 10101111 vidimus 11. 00. 10,
· libenter 0110 miserum 1. 0. 1, 00 00
10110011 001010 A. Ρ. 000 01101001 1001100010 11. ΕρΙ. 1, 00
10110110100111100110 1. spi. 0, 00 0110100 0010111101,Βο
0111001010 1. SA, 101 Dum· 7, 00

 

