fi 11111

01111 iii. 00. lm

1ωιο00001011. 1οι

1100111111

110010, 11

,1111100111

11111. 01. c, 111110. iti 11, 11.
1111. 1101. 11, 11. Δ. 11110

0111111ῑί1 001144

1111101111. 1,10

001111ω1110

00110111 nugi· ii. Epi. 0, 101

001111 (vinum) 011111 1. Epi. 10, 10

0011111 111. 00. 04, 40

0011 1. 8. t, 108

Ahjicitci. 001111

00111 Ep. 11, 00. 18. 0, 14. 111101. 0,

00111111. Epi. 0,1

00111. 8. 0. 14. 11. 8. 0, 00

00110111. 00. 14. 04

(0011111111 1010111111)

Excepto, quod i. Epi. 10. 00
Mente 101101 111. 00. 0, 4
1110110111 11. 8. 4, 80 ·

(0οΙ111111 11111101ρί0111 11 duc)
11111111 1111111111οο 11. Epi. 1, 01
11110101110011001111111 ii. 8. 0, 140
111110111100 11. 00. 11, 00

0011101111. 8. 0, 000

Abnegat i. 00. tt, 00

0010111111 1101111 11. 8. 0,0

0011111 0. 00

0001111111 parentibus 111111011 Ep.

0001111111. S. 0, 40

Abrotonum agro 0111 11. Epi. 1,114

0011111111. 00. 1, 01

00101011 1. 0, 01

Abccinderc 1101111 Ep. 10, 00 1111111

10100 i. 8. 0, 110

0010111111 11. 0, 000

’ ,001ω10111Τ1101011110,110

00111111. 8. 0, 10. 1. Epi. 1, 08. 11,οΙ

0011110011 urget 111. 00. 01, 01

Abuntflm 11 8⁸⁸9 ἰι ⁴, 811 0110· 101
w. ii. 7, 28

0011111101. 1, 18

00111111 11. 8. 0, 014

Absint 1101120, 01

0111111111 101, 104

00101111 11. S. 0, 010

001011 fortuni· 01011 0. Ρ. 110

0011111111 in 110010 positorum iiipi.

Δδ1111110111111. 8. 0, 80

0011111111 1. 8. 4, 100

001111 A. Ρ. 000 .

Am· 111111101111 1001. 18,οὓ
0011111111 111. 00. 1, 18. 110, 01
00111111 A. Ρ. 110. 010

0111111110 1111111 calidoque 1111 111. 00.

Abstinuit 111111 11111100.“Ρ.414 vim
01011 11111011. 8. 0, 000

0011111111 1. Epi. 10, 04

ΑδίωΙθῐὴ 118101 A„

Amulii ii· od· ¹⁶5 w· Eposp ω

0011111111 11. 00. 14. 00

0011111111. Epi. 10, 01

Abunde 11111 111 1. 8. 0, 00

Abunde (01111 1011111110); 11111100

...0111000111ἶο

Ac (pro 11011) i. Epi. 10, 00

Ac (ff 111011) 1. 8. 4, 110. 8, 01.

00101ομ11011 11. Epi. 0, 40

0111011111. 8. 0. 000

0001011 0, 10

Accedat 0,0 stomacho 0, 104

0011110οὲ1 (pro quc 1111 legunt Accedunt)
11 uzu

0001011111 11. Epi· 0, 011

0111011111. 8. 0, 140

Accede· 118. 1, 118. iEpi. 11, 10

Accedet iv. 00. 0, 40. ii. 8. 0, 80

00100110. Ρ. 040

Accendit 18. 0. 00

Accendit Ep. 10. 14

0001111111 11. 8. t, 01

Accepisse 0, 81

Accepit 0, 000. 1. Epi. 10, 11. 10. 08

0011001111. 11010141. 0. Ρ.000

Accepto· 1811ὲ1111 11. Epi. 1, 004

00011111 0. Ρ. 011. 11. 8. 1, 00

0001 1. 8. 10, 00. 0. Ρ. 008

Accidit Ep. 0, 01

Accipe i. 1. 1, 11. 11. 11111110.
00. 001. 0. 10

00010111 11011111 1. 8. 4, 10

0001011111. 8. 01

0001ρί11 1. 1, 48

00011110111. Epi. 7, 00

Accipiet ii. 8. 0,(18. 1. Epi. 10, 08

Accipio i. 8. 0, 08

Accipit ii. 1011101

Accipit 0, 00

Δοοίιὸίῑῖ saurgom 1101111 columba 1.

Accipiter 1100101 11111111 i. Epi. 10, 00

Accipiunt A. P. 000

0011111 11. 8. 0, 114

Accepta·

‚ 00011111 0.0

 

