- ΙΝ 1104411011.

dissipabit 1111111111). 11, 11
dulce 11111111, dulce 11111111· 1. 04. 44,
frequen· 111. 04. 1, 44
1141111111111111. 4114, 4
libem 1111111111 utem 1. 14, 44
1111111111 fulgentes 0111111104. 14, 14
1111111 responset ii. 4. 4, 14
mone 1111111111111 1111111111 1. 14,
perfidum 114111 411111110447, 47
prudens 1111111411 1. 4, 44
1111111111 1111111111. 4. 4, 414
ibis 1111 11111111 7, 44
1111111 Divos 11. 4. 4, 444
11 dejecerit A. Ρ. 444
apione pretereo 11. 4. 7, 74
111111 111111 7, 44
1111111 11111111. 4, 147
111111 11111111 4, 74
11111111 spirat 11. 411. 1,144
¹ 1111111111111111111111111114441
111111111111111111.01.10,11
(Anatim 11ρί1111 m ’)1.4. 1, 47
11 cum 11 ’
1111101411441111411 4, 44
4111411 docta prece 1,144
111111 111111 agendis 1. 7, 47
disput 111111 11114111 14, 44
{ems vultu torvo 14, 14
imitabile 11111114, 17
1111141141 1. 011. 41, 4
1111111411 unice 1. E .44, 4
11111111 Od. 4 14
pauper 111111 111111 1. 44, 71
rugosus 11131111. 111111, 144
1111181111111 11111111 utque 1111111
1 4, 444
111111411111111111111. 04. 14 4
1111411 mente 1. E 1. 4, 7
1141111411111118414, 11

(111 1113111410)
1ζ11111111βαι pomorum 111 1114101. 11111.
1411111111 011111111104. 4, 47
1111 11111111” 11. 4. 4, 44
111111 1111111111. Ρ. 444
111411 1111111 A. P. 174
beni 11111111111111111.4.4,4
’ 1141111111. 4111. 14, 44. 14,41
11111411 Albuci 11. 4. 1, 44
cupidus 1111111 4, 44
41111111111111111011111.04.14,14
411111 11111011 11.4 4, 44
dim 1111111 11. 04. 4, 4
111111 11. 411. 4, 41
4011111 1114α11111.04.4,44
111111 11. 4. 4. 44
4011111 1111111 lympha 111. 04. 11. 47

,11111111

agon. 1111111111.. 01. e, 11
41 11411. 17, 44

apen 1111111
logis 11. 04. 147
11111111.4.4,14

1111111111414. 11444

felix 11114111. 4. 4, 14

11111110. 444

131111111111111111114111. 1, 144

1111111144 114
111111111111111. 4. 1, 44

1111111111111111111011. 14, 14
indoctus 111111 A. Ρ. 444
1111311631ωωί 1111111111 fundi 11. 411.

1
11111111 1111011111 11. 04. 4,4
integer 1111111 ii. 4 4, 444
11111114, 44
111111 111111 11 1111111 militiaque 11,

,0447

1111011111111114. Ρ. 444
111411111011111111111111.ι 1104. 14, ss
11111111 111. 04. 14, 14

1114141111141
1111111111141118 61111111417
1111141111ᾱὶ1 .4. 4, 74
paens 1111111 44
μ4111111111111.411.1,44
mmm ’110111 ¹⁰
11141111111111111. 0444
11111111 11*
Μῖἒέωιὼὲἓὶιῦ, ,14 .
mgnwk (41114148 ¹⁶
11111111.011.14,47
mmmm 11,..
11111031111041161
qu 1111111111 1. 4. 4, 44
quoque 1111111111 11. 4, 4
1111111111100
quantulum 1111111 11. 4,144

1111111114 1111111111. 4, 1
quinque diorum· 11. 4,144

ω4111μ1111141044,4
111111111111111111114, 17

1141111442ιρ 1111014 Β11 14

...W 11111...

1111111 11111414 41

 

