ww

ΙΝο11Χ

1611 6611661116 1661166611. 011. 6, 16 Ignem 66111 6116116611. 06. 1,14

61661 mordaci 16116 6, 9

Ictibus crebri· 6116161 1666111111 que·

tiunt 1. 26, 2

1616 cupiti 66661111 161161 11. 8. l, 24

lctu 6166116166616166111. 06. 8, 8
1111611666 6616611111 16, 11

161661 16166661 661116 11. 17, 26
obliquum 6166116666 111. 22, 7
66111616 11. 6, 16

lotoe 16111666 excludet 116166 11. 16,

6111616166611616 conjugibue 6661611
11. 9, 21
166661116.Ρ.261
ld 1. 8. 1, 44. 64. 4, 71. 6, 162. 11. 1,
177. 212. 4, 6. 1861. 1, 24. 11. 2,
12. 64. Λ. Ρ. 186
Ide 6666611111. 06. 26, 16
166111 6611666 ἱ. 16, 2
Idcirco 1. 8. 4, 46. 1. Epl. 1, 29. 11,
meam
Idem (priore louge) 11. 06. 16, 16. 22.
¹12⁹· 196211 1111 4661νη, fl· c·
816. 1. 8. 16, 1. 66. 11. 2, 28. 1,
199. 7, 16. 21. 111. 1. Ε61. 1, 62.
16, 17. 44. 16, 14. 16. 18, 69. 11.
1:¹⁴⁸287· 8! ¹⁰⁴0 19,· 2⁰⁰· A·

(priore brevi) 1. 8. 1, 116. 11. 1, 242.

66η6666ω6ω.

1666 1. Epl. 19, 26
161666 Ep. 2. 69. 1. 8. 6, 76
Idomeneus ingene iv. 06. 9, 26
166666 bello 6616111 11. 8. 2, 111
Vim (110818 Α. Pe ,Μ
idoneum jecur torrere 11. 06. 1, 12
1666661 61116611166111. Epl. 2, 7
1661 nomeu 1116 66161. 16, 12
hee procurare 6, 21
puellus 1111 111. 06. 26, 1

pugno 11. 19, 26
166811. 11, 14

Jecur 6161 6616116 11. 8. 8, 88
aridum Ep. 6, 17
6116 61616111 mmet i. 06. 11, 4
61111 urere i. 8. 9, 66
16666616 quaerie torrere 11. 06. 1, 12
Tityi tii. 4, 77
ulceret ancille 166611. Epl. 18,
6166161661 1. 06. 26, 16

dejuge} 611111 66 616 16616 6611 Ep. 6,

16611666661161

hmmffimm p
1611111 66611611. 1161. 1, 112

Ignarum 11. 8. 4, 18

166616166111 nerim 6166166616 11. Epl.

6666166661 11. 8. 6, 79
16661611. Epl. 1, 67
Ignavi 1166 iter 6111611666 1. 8. 6, 6
1666166 66616 Ep. 6, 2
16 Igno turdos 1611611. 8. 6, 72
Ignea (1111161616 spirituaii. 06. 17, 11
igneam 61161661 defendit 61661111 1.
Igneus 61666 attigit 111. 1, 16
lgneo 66116161 trente 1161161116 11. 2, 67
61 661 1111 mercetur currit 1. 1161. 1,
1666611 661 suppositor 661616 cineri
11. 06. Ι, 7
6611666166 equum mittere 11. 14, 14
661 medior 1161166666 1666116 11. 8.
qur purte 666166166611111616 11106.
6616161 6111161611. 8. 1, 64
16111111616111111116611111661101111661 11666
1611661 12, 47 ..
Igissi'dffleffi'dd. is 11 ²⁷⁶
1166611616 jem Andromeder 66161 oe·
tendit iri. 29, 18
6611 6666661661 6661116666 1. 1, 29
1661 616161 guadet 4, 1
6616166 nubile 61116666 14, 6
Ignibus 666616 1611166161 111. 19, 6
61111 1166166 Ep. 6, 82·
166111 61666161 1. 06. 11, 8
uon 616666666611 66611127,16
611111. 7, 11
66 Ignibus 666661 i. 17, 11
1666θὲ66666 Ilieon 666161 uret 16,
66161 peredit AEtuem 111. 4, 76
ferrum 16611161 i. S. 4, 26
1116161 6166111 8, 44
16616 16 666 dimoveat 1. 8. 1, 19 ·
pulchrior Ilion 66666611 Ep· 14, 11 Ι
6161611. 06. 16, 11

72 Iguium nigrorum 1661661 11. 12, 26
16666116 reguum 'runt i. S. 6, 9

166661116 11. Epl. 2, 128

1666661666 dioto 1166661 Α. Ρ. 247
16661661. 8. 1, 22

166611 dontibus ecer ii. 861. 2, 29 Ignorat 1. Epir, 21. 11. 1, 87

JoJunur stomachanti. 8. 2, 18

ωπ6ω66666666
meu

16661616 ertio 66116166 turpi premit d.

 

