1 11011

001011111.01.10,18. 18,0. 1. 8101, 11111110 mmm 11.801.8,180
1, 11 111111011ϋί18. P. 101
0110101110010011118 8,11 inverecundum .11, 18
0111. 8. 181. 1. Epi. 18, 118 , 0011001101. ,81
00101110 tcta cmxi· 011101 ingeni 1. Dexter 11011111. 8. 8, 88
01. 0, 18 0011011801, 10. 11.8.1,11. 11. 801.
00100101 1. 8. 10, 00 l, 801
01111311 nubila coelo 101011. 011,11 Dextera 11001 11011111001110110188
Deterior 11. 8. 8, 11 011110111οι100οω 011 111. 10, 81
0110110118οι 111. 01. 1, 80 00111011 11110110οω180. 1,1
00101101 i. 8.1, 01 00111ήο1 . 8. 0, 10
Domina (010 11100111008. 1110110, 0011111101. 11, 88. 111. 8,18. 1. 8.
netem 1. 8.1, 118 00101011. 1101011. 1, 01
Deterret i. 01. 10, 10 00101111.01.1,81
0010111111 A. P. 808 Domo 1. 8. 8, 181. 11.1,18
0111111111.01.1,81 Damnum 11.8,10“
0011111110 11111101, U 011110101801. 10,0
0011111118 1.8, 1. 8,88 011 1011100111 cuent· i. 8. 8, 88
00110011 1. 1. 88, 11 madeus· 11111110 11. 01. 8, 81
0110101111 11. 18, 81 (01101111)10100 80.18,8
0010110111 11. 8. 8,18 10111111. 8. 8. 11
010101. P. 08 0110111. 01. 1, 81. 110. 8, 81. C. 8.
Demeam 11. 8. 8, 880 10
0011110101.10,18.11.1,01 11100011 Α. Ρ. 111
Detrahet 1. 801. 1. 10,81 sylvarum 0010111 G. 8.1
01011011180.0,8 011110.01.ι1,10
0011101111. 801. 1, 181 011110 1118. Ρ. 10
0010101111.10,81 11000110101 (1.8. 11
Detur 111. 01. 11, 80. i. 8. 1, 11 integro 11011101 011011 iii. od. 1, 11
Devenit 1. 1. 0,81 1001010010011011110. 11,8
0010ιὶ 1. 0 88, 81 01101111. 01. 81, 1
Derim 11, 0 Dinia urbm 101110 1. 801. 11, 10
00110111 80,8 0101. 01. 8,1. 88,8. 11.11,88. 111. 1,
Devictus iv. 1, 80 1.11,1.11,11. 1. 8. 1,10. 11. 8,
001100110118.1,18 88. 108. 1, 08. 1. E 1. 1, 08. 1,
00110111. 01. 81, 18 00. 8, 8. 10, 81. Α. 0. 111
00111011.801.1,11 0101001 Satyro· A. 0880
nenium 10011011 11. 01. 11. 81 01010111. 8. 1, 88
0011101. 18,8. 11.8,8. 18, 11. 1. 8. 010110101.18.18. 11. 8. 8,00. 100.
⁸9⁸ 0100· 881 io Epl. ⁴1²· A· Pom
noctes coenoeque 11. 0, 01 1101101101. 18, 81
nequi dulce 0011001011 111. 01. 81. 10 1111000100011111011
Deum 1000111 adhibet 1111011111. 1, 88 interitum Siculi 801101. P. 108
Q* 1110001811
011011111. 8. 0, 11 010111110180, 10
Devolvit 1011111. 01. 8, 11 010111.8.1,11. 8, 181. 1. 801. 11,
001011 111. 1, 81. 88, 10. iv· 11, 18 81. 10,11. 18, 08
00101180. 10,0 Dicat 1. 01. 81, 10. 18. 1,11.88. 118.
000111ιί. 8. 8, 810 8,10.181. 180110101011,
00111101. 18, 8. 81. 88. 81, 18. 111. 00. A. P. 18. 111. 880
101880, 80. Ep. 11. 8. 1. 8. 1, Dicatur ἰ. 8. 8, 1. 8, 10. 88. 118, 1OE
11. 8. 8. 11. 1, 81. 1. 801. 11, 88. 0000011011 10
0011001 mmmmmwmmme
crudelior quin 011 in 101 (de 8010111 Dicendo 1, 1
loquens) ii. S. 8, 08 Dicendum 11. 1, 110
1001010110 8001001111001110 111111 01011111Ῑὶ· 01· 7. ll
vice Ep. 18,1 Dicente 18, 11

 

