clvi 111011

1011. 10,11. 11. 1, 100. 101 1111111111 11. 8. 0, 78
Nempe (itonioe) Ep. 11, 11 Ν1111011,01.1, 40
(concedentis, 11 initio 0111101111) 1. 8. 1111110111 111. 01. 0, 41
10, 1 Nequit 1. 8. 1, 101. 1, 80
Nemus 111111 scriptorum 11101111 11. Epl. Nquiw 11111111 11111111 11011111 11.
1,17 .
eim fingo 1111111111 11. 01. 1, 10 1101111111111101 111.01.4,18
Garganum 11. 1101. 1,108 111101111111. Epi. 10, 11
1111111. 01. 1,10 modum fige 111. 01 10,1
1811018111. 10, 1 111111111ιὶ181, 111
remugiat 111. 01. 10, 0 Ι Nereidum 111111110111 111. 01. 10, 10
.... 1111111
. , 1
11111111 111. 10. 11 1111111118. 8, 00
1.*111111111111111 1111111111*ΰῦ
Ne 1111111 1111111111111111.8.4,11 Neronibus 11. 01. 4, 11
11111111 Mercuri i. 01. 10, 1 Neronis 1. 811. 8, 1. 0, A. 11, 10
discinctmssp.1,³⁴ Νο111111111.01.11,11
Nepotem 1111110111 111. 01. 1, 11 Noni deficiunt Α. Ρ. 10
1111111111 Ep. 11,8 illiterati rigent Ep. 8, 17
Nomentanum 11. 8. 1, 11 Nervis 11111111 lignum 1110111118. 1, 81
Nepotes 111101 10101111 1. 01. 1, 10 1010011101111 i. Epl. 11. 0
1111111111111 010111111111111110111.8.1, 01
victorum 11. 01. 1,11 neptem testudo callida 11101111 111.
N 1111111110111ρ1111.1111.1,111 odam
1111111110 10. 0, 11 11111 Nervis 1111011111101111 com-
80111111. 1,08 10111118. 1,1
1110111011 Ep. 1, 00 Navoa 11011 cutem 11111 1111111 1111111
Νορο1111 genua iii. 01. 17, 1 1111 concesserat i. 01. 88, 11
111 perniciem 11.11,1 Nervus ininguine indomito 1011111001
10111111 1. ΕρΙ. 10, 10 Ep. 11, 19
Neptuni 111. 01. 1111 Nescia 111111 1111111 10111111 11. 01.
Neptunius 111 Ep. 0, 1 1. 17
1101111011111111111111111010 1. 01. 18, Nomina 11. 1, 11
10 1111111111. P. 10
1101111110111ἓ111ἒ11ἓ11111111111· 01111111101111111111111111111113111.
111111111111111111 01. 11, 10 11110111110111

’ fluentem procul 011111 spectum i. Nescio quid 1101111111111111111

1:91. 11, 10 111 Anticyram 11. 8. 1, 81
Neptunus hybernus 1110 1111111 11111111. loqui 1. 0, 01

11, 011ζ , 011111111111 augurum 0,1

1111111111111. Ρ. 04 quid puero 1111111111111110, 10

Ν111111 11. 8.7, 100 quod 1101111111. 11111110
1111111111 Δ, 18. 111111. 1, 00 11111111 1111 1111011101. 0, 18
Neque 1. Od. 1, 01. 1, 18. m 0, 0. 0, 11011111 111111 Α. Ρ. 118

10. 11, 11. 10,0.18,1. iii. 11,11. malum 111 11. 8. 0, 71

1. 8. 0, 0887. 0, 11. 10, 17.18. quam (1111110 mlo A. Ρ. 88

48. 71. ii. 1, 11. 11. 1101. 1, 11. 01111111. Od. 17, 71. 1. 8. 1, 71. 11.

111111, 111. 1111111111 1111111
111111(111111111)1.8.1,11.11 011111111111.0.119
Nequeunt contingere 11111111 divitibus 1111111111 11111111 pecunia i. 8ρ1. 11, 10

11111 ρ... 1111111111111111

1111111118, 00 qui 101111, tamen fingere 11111 Α. Ρ.
Nequeo l, 1. Α. Ρ. 81 101

Nequeunt 1. 8. 1, 77. 11. 1. 81. 1, 100 1111111 1011111111 100

Nequicquam 1. 01. 1,11. 10,11.10. 1111111111 11111 0111111111111 111.
11.1.1,11.1.1.ρι.1,11 011110 ’

 

