cm

1666 uon 11106112
orbum 6666161116 quid 61616161 l. Epl.
611116 ι1116166116 tertium iv. 06. 2,

166616861166611666666161111.16,8
uelo deripit Ep. 6, 46
61661616 11. 8. 8, 82
polu deripere Ep. 17, 78

. iubentem 8. ils. 86

1666 1616111011. 27, 2

1666116 buis ors 1616661611. 8,6

Lupi 661666 terris abdiderint 1. 8. 8,
6111111661 16 sepulta 666116 Ep. 6,

lupiffipordn bons ii. 8. 8, 188
quid 1

61661 uss i. Epl. 7, 28
LupisuAppulis junguntur 666166 i. 06.

02:332·- ...6. dumus 666166.

mos' fuit 7, 11

rapacibus 16, 26

Lupo 166666 seruum 66666116 11. 8.
„uum ., ., ..

16666136 16666166 61666 11. 06. 4,

lapus 6616666116 66161 Bp. 12, 26
66161666 1666166 cunis 6, 2
1161116166 1. 06. 17, 2
6166616611. 8. 2, 86

Lupum i. 06. 16, 86

16666 66166 seque 6611111. 8. 1, 66
666166 1661611 1616616 1. Epl. 16, 66
66616 66111 11. 8. 1, 62
errpt8 1168161 sunus 6666616 111. 06.
ututur 666611 Ep. 16, 7
166 inermen 16611 1. 06. 22, 2
11616666 11. 8. 2, 81
vehemens 11. 1161. 2, 28

111. 8. 2, 64

Luri 6666 amictu 66116 Ep. 17, 22

16661 donresto turpant iv. 06 16, lu

16116661 66 orcum 6166661114, 76

1116616166 66116116 661111 61666616 161-

6611111111ῗῖ

Lusezs iu 666166 filius 1611666 11. 6,

Lusimus 1661661. 06. 82, 2

Lusisse pudet 1. 861. 14, 86

lusisti 66116 11. 2, 214

16611 111. 06. 27 62
66661666
olm Auscseun u. 062, 6

1111161

166116 61161 &oum 1, 6
166161. 8. 6, 68
16661166 1111666666 busun 6666 su.
Od. 26, 12
166416 1111161616, 87
Lustrum 6116166 C. 8. 67 ,
66156616 16166 1166166111 61666616 11.
16666166666661. 8.6,48
trigonum 16616 6, 126
1616616 66 11116616, 87
161666 p ο1 Ep· 16, 16
Luto 661666661861. 2,26
rsus 11, 11
1616 6616 661166 11. 8. 4, 68
sus 1166 161111. spi. 8, 76
16161661661. 8. 16, 66
1616116166 4, 11
Lux 1166 66161161 11. 6, 62
661616611661111661616 1. 6, 82
1616116 66161 11. 8, 72
16161116 666661 611166 8, 224
1616666116 compescet 11. spu 2, 122
Luxurias 6661611 1111 Α. Ρ. 214
Lyso 66161 cursus 6611661162,88 ..
jocusp 6666111661 6166666 magis 16.
666 16616616 1. 7, 22
Lycao 166666 616161 Lucretilem 17. 2
16661666 Ep. 6, 18
Lycsmben 1. 161. 16, 26
1666 111. 06. 16, 1. iv. 18, m
Lycen 18, 26
Lycia 6661616 111. 4, 62
Lycius 16166661. 8, 16
166166616661616 mirabere 4,12
16616616 61166 permutare opes Mygdo-
616611. 06. 12, 88
domiuo 666166 611616 18, 18
Lycio i. 8. 7, 17
1661661 Ε . 11, 24
Lyuo 111. 06. 16, 24
16661166 1. 68, 6
Lycum deuotum 666116 nigris 61616666
61166 82, ll
Lycurgi ’11116611 61111616 11. 18, 16
Lycus 111. 12, 28
Lyde 11, 7. 26. 28, 8
Lyden 11. 11, 22
161616, 1.1s,1.ss‚u. uuum
Lydio 1611616 janus 66161 2, 26
Lydis 611116 is. 16, 86
Lydorum 1. 8. 6, 1
Lympha 61666616 116. 16, 48
fugax ii. Od. 8, 12
166666 lavimus i. 8. 6, 24
6166116616 restinguet 61616116 rs-
16161 66661611. 06. 11, 26

 

