euvi

1. 8.1,1. 1199887. 868. 6,
78186161. 11, 11. 11. 1, 969
Quamcumque i. 11. 99
Quum rem cumque 1. 06. 6,6
Quamlibet E . 11, 96
Quamque 16. 16, 67

11111871

661111. 1,. 111. 611. 1.
1. 1, 11. 6, 6. 116. 61, 66. ii.
6661116111

061116116611.8.6,99
Quum 11161 6666111161 eripiunt iv.

06. 8, 69

Quamvis i.Od. 11, 11. 98,11. iim, 1161616116, 18
961619. 11,17. iv. 9, 69. 1. Ο6116661111.91,66.1.8.1,61

8. 6, 16. ii. 1, 71. 9, 99. 11

666. i. 61. 11, 11. 611, 1. 1, 16.

(tutu 1661611.) 66166661 Hermu· 1. Epl. 9617

6161118. 6, 199

Quaeret 16116111, 06. 6, 7

Quando i. 06. 91, 8. 111. 17, 9. Ep. 6616166118.1,66
9,1.16,97.11.8.9,19.6,66.66. 96161161.06.18,19

99. 7, 6. 69
61118818881111911,6

Quatienthumuxupedu iv. 1,98

res mutatu, 66616 1166666 deletu·
verti. Epl. 16. 61

qnando consumet 6616666 (6166661166 6611161 Olympum 1. 06. 19, 68

uidem) i. 8. 9, 98
Qum 6111.Ο6.1,17. 11. S. 6, 66.
(6166616666616666) iv. Od. 9, 61

Quutit 666 16Ιί61 mente iii. 9, 1

6161ωῆ11666 adytis mentem unter-
dotum i. 16,6

Quanquam i. 98, 86. 11. 19, 96. 111. 9, risu populum 11. Epl. 9, 81
11166666 i. 1. ι, 11. ii. Quatuntpmiuaunesuui.ou2⁵,1

111. 6. 61. ι, 61

1666666167

6616610616,1696198611. 06116611. 8. 9, 8. 6, 86. 11. Rp! 1,

11, fl, 18. 6, 19. 119, 1. 76. ³,
Quuutae i. 861. 9, 91
9611161111. 1, 118
Quanti 2186, 119. ius, 166. 11161.
Quantis 161611 11666161 ἰν. 06. 11. 19
0661116111. 11191. 1. 8. 1, 69. 9, 17.
· 79. 9, 88. 11. 1, 91. 9, luz. 1, 86.
1, 11. iiAEpl. 1, 1161. Ρ. 116
futu, 666616 1661161166 ii. Epl. 9, 99
61666611
periclo 111. 0196, 1
11616189, 16. 1111618117
tumultu iii. 06. 97, 17
Quantulum 1616166 11. 8. 9, m
06161616 1. 06. 97, 6. ii. 6,17. 111.
16, 1. Ep. 6161111. 11. 1,
69. 9, 69. 6, 197. 8, 19. 16. 119,
111. 1, 11. 1, 16. i. Epl. 1. 11. 1,
96. 2999
1661661 ii. 8. 6,86
0616166611 i. Epl. 7, 16. 11. 9, 69
Quantus i. od. 11, 6. Bp. 1⁰. 7. 16.
u 61, 11. ii. Epl. 1. 111
Quare 11611611. ii. 1, 16. 116.
t 176. ii.Ep1.2,96
Quarta ῑ. s, 1, 11. 611. 1. Ρ. 161.
0611161186196
6666616111
Quartana frigida 11. 8, 996
66116619,99
Quas 1. 06. 16, 9. 11. 11, 99. iv. ⁴2 71.

189

Quavis i. 8. 1, 87
Quo i. 06. 1,1. 6. 91. 61. 9, uuus.

16. 8, 8. 69. 1,6. 11. 16. 6, 6. 8,
16. 7, 9. 18. 91. 96. 69. 9, 9. 19.
96. 16, 6. 16. 18. 19, 16. 16. 96.
66. 6716. 11816. 16, 19. 11.
18. 91. 81. 16, 9198. 17, 1. 99.
98. ism. 919198. 8, 16.
7. 11. 17. 99. 91. 96. 6919. 66. 9.
1. 66. 19, 96. 19. 63. 67. 81. 86.
99 (et 6161111 aliis 16111)

non 166 1666 positum) 11. 06. 19, 69

16 fine versus 6111616) 1. 8. 1, 96

(pro un) 11. 8. 7, 68

, 0⁰0 (repetitum)

animumque 66161666 1606. 9, 99

11666666 reum doctumque Plutona -

11. S. 1, 6
nutusque verecundusque 1. Ρ. 967
chartaque viteque 1. 8. 6, 161
dextramque 9161666 i. 861. 7, 91
divosque mortalesque iii. 06. 1, 17
fundumque lutumque i. 8. 9, 66
furesque 1616666 suctu 8, 17
11666666 collataque myrto 111. 06. 1,

1666161666 pavetque 1161611161 11. 1.

6166616661 16661 nitique uothuruu
nago'sgzefflturooque 61661 iv. 06.

61616661 caput lumbosque 1111666

 

