114 nonnum. XXV

1161161861 1.8.1, 78 ’ Bubus 1111 patema exercet 1111 Ep.
nonenimommuissplus 8,8
8611111118, 18, Α. Ρ. 868 8611111116111161118. 1, 81
86111111. 06.,,848 ἰ,88.618,88, 81111181, Epl. 11,1

186.ιι4611.1117881688 ΒιριΙο.Ερ.,614

48 67 78. 11,8,.116 188. Α..Ρ 81116111. 06848

868. 446 , Butram 111 Ι, 6.88
8611111106.84,88 Β]ιιι8ιίἰ,8.4,68 ·
Βω661ι1161μι111181,66

„temtus 11111661 Epl. 7, 87

piger oputophippn 14, 48 0.
ιιιιιιιιιιριιιιιιιιΙιιὶι. 06.6, 17

Βοιροιίἥ.88,14 0161111188188
8666681618, 14. iii. 4, 88 01611168. 68
11611 1818111111. 1868 01611111618111 7,88, 18, 88
1161111 14, 87 0111111111 14, 48
1161611,06,18,8. 1111161111 emtum. 8.8,88
11111111 achinnum ιοΙΙιιιιΑ. P. 118
Brachi-iton. 81, 111 8 8 1.8.8, 0161811181). 18, 88
88 0168111141818,68...ΑΡ68
muTelepha 1116111 od. 18. 8 8161118141.1181111886
6111111111116111.18,18 0161111886, 86
1111111111611. 8, 11 0161111111, 8, 8
ιὶιιίιιιριιιιιιι mnu 1. 8. 8, 64 0166188. Ρ. 78
ιπςοιειοιιιὶἰὶ. 06. 6. 88 0166811111 ,18, 18
8111111114,68816,8 0861111ιί11. (1.1,87
Bremia 0d.1⁴, 11 016116,18
Β11111,88,.181,.88,.881.81188.8 01611(116111.)1188118
pondus(proenguum)1t 8. 8, 87 1111111111 886118118111. 06. 7,88
1111111111. 06, 14, 84. 118111. l, 818 116111ιί16111 161666181ρω1 1111111 1.
utulutiam (pro 816111 temporio) 11. 86, 86
06,18,87 ι 01611111.ιι,1.1118118816,
81111188, 18. 11, 18, 88 18
ΒΜ1111,8,11.16111.8,,’888,1, 01611161.8,6,88
Epium. 11,,.144 Δ..Ρ881 016ωιιΑΗΡ187
8111111181816 8181101111
8161161181118118 88 Cnducod,⁴⁴ ·
811111106016. 11.16,18,11.8,4,016116111111,1811
88,..8871..81118,88,11.,1 144, 0161111111.14,18,18,6.11,18, 17
1....111161111 oemnNJEpnm
081118111886 οι6ιιιιΑ.,Ρ81
8161181818. 18,8 01611111. 06. 11, 8
1111111111.06.4,8 0161111816. 118, 8, 888
1111111ιὶ1111. 6, 8, 11. 14, 48 08111166. Ρ. 64
Britannum, 16, 86, 88. iii. 4, 88 0111111111 11 Epi. 1, 68
8111111118117, 7 0111116118, 8, 81
Βωιιίιοιρίῦὶιιιι 1118111818 01166ιί11. 06. 87, 81
remrfltineniv.o 7,18 0116111111,14,86,11.8.8,16
8611118ιὶ611 85¹⁰ 111111111161111111. 086ιὲ111111,06.88,8,87,6,111.88,8.
11ηωί1 ιιι, 11 , cmm. ιιι. ιιιιι
nummo 6.18 8161181111. 1111111
Brundusium 1. 8, 6, 184, 18111. 17,68, 8111611111.06.18,14
mo ’ 8116111 11811. ι. 886
1111111106. 84,8 οε6111,8.8,188 ,
Brute i. 8. 7, 88 01161 80111811. 14. ιι. 14,61
8111611067,8.1,8.7,18 emtas. 8,118
Brutum 7, 8884 01161111. 06.8,18
8188181111111116110.8.48 0661ω1111111688181111,8.8,188

nemra. 11,.. 11111111. 11

 

