ΙΝ numium.

00011001 1. 11018, 91
Dociles A. P. 889
000111 C. S. 15

0001110111. 01. 11, l. 11. 9, 18. 11. 8. 8,

000011111010. 1. 111. 1, 111
Dovceg’m gllgb? iii. 01. 9, 88
10. ,
Doctorum frontium 1. 1, 89
, 000110000100.1111101
sermonis utrinque 11 010 111. 01. 8,1
0001118. 9, 7. 11. Ep. Ι,86. 117
Doctior 111. 01. 81,99. 18. 9,ss
Doctissimu· 9,8
0001100 ii. 11 Ι. 1, 88
000101 iv. 01. 9, 85. ii. 8. 7, 18
Doctores 1. 8. 1, 89. 9, 88
000100 19, 87. 1. Epl. 19, 99
Doctrina 18, 199
(ρῐὸὼᾱὴάρῆηε out institutione) 10.
Doctum 11. 8. 1, 8. Α. Ρ. 818. m
Doctus i. 01. 89, 9. C. 8. 75. 1. 8. 19,
190 ⁶2⁸ 110 ⁴, ¹90 ⁷) 680 110 ΕΡΙΟ
l, 88. Α. P. 98
0001101011. 01. 1, 8
0888181188) ‘³‘ Ρ· ²⁸⁸
00001111. S. 8, 99. 7, 15. 8, 81. 11. Ρ.
0000010οω01 1. 8. 1, 119
0010110010 lumbos 5, 88
. 0010011101. 88, 1
11010118. 1, 78. 11101. 9, 18
0010011111 Α. Ρ. 198
0010111010 111. 01. 1, 11. iv. 1, 98
00100100 1. Epi. 8, 88
0010011000 A. P. 188
001001101801. 11, 7
00101111. 01. 1, 78. Δ. Ρ. 95
Dolichos i. Epl. 18, 19
001101] .8, 17
00110 11 1.8, 18
00110010 80. 15, 11. 1. 8. 8, 118
neotum· 19, 89
Delium 111. 01. 11, 87
0010 1. 8. 9, 99
11010118 .8, 99
cottus p. 15, 19
lotorum ι. 8. 9, 88
Dolore ii. 8, 89
emto voluptas 1101011. Epi. 8, 15
multo corrupto voluptas 1. 8. 8, 89
Dolorem 100110 1. Epl. 1, 81
0010100 dos odimisquo ii. 8. 8, 888
00001010 pelli 1. 8, 199
011118 110 ³2 ᾖ,
0010111100 Ep. 17, 91. 1. Epl. 17,17
00100 tondit Ep. 8, 81

001001 00110111. 8. 9, 79
001001 amici i. Od. 80, 88
00100011. 8. 9, 8
tauro niveum 111110 credidit 111. 87,
0011010 11. 8. 1, 97. 111101. 1, 189
Dolum 1. 01. 19, 19
0010001110 Canobo 11. 11, 11
00100010 11. 8, 9
Domui 11. Epl. 1 , 18
001001 1. 01. 87, 11
Domestica A. P. 887
Domesticos 1. 8. 9, 188 ⁴
Domi 1,o⁷. ii. 0, m. 1, 01. 1. 1011,
8. 9, 11. 19. 89. 89, 88. 11. Ι, 889
0001111110 1. 01. 88, 88. 1181171
00011001. 8, 59. 111018, 85
Domina 1. 8. 9, 87
Barbara 111. 01. 87, 89
dulces ii. 18, 18
101018 8010
Romo 10101011. 11, 11
0001100111. 85, 9
1101010011ῑὶ0 Α. Ρ. m
Domini ii. 01. 19, 18. 1. Epo 8, 18
Domino ii. 011. 11, 8. 11. 8. 9, 19. 9,
0001111001. 01. 1, 9. 11. Epl. 8, 171
Dominum 11. 01. 1, 911, 81. 1. 801.
9,19. 19,19.19,19. 11. 8, 198
Dominus 111. 01. 1, 89. 98. 19, 89. 11.
s. 0, oo. 0, m. 000. 1, 11. 0, 01.
11101. 18, 71
Domita 11. 01. 8, 18
0010111111 i. 89, 9
Domitor Tr 'ae i. 8018, 19
0011111001. gd. 18, 91. 11. 18,9
00011100 iii. 1, 78. 8, 88
Domo 110 ⁸) 171 up 01018, ²· 1103. 61
980 i· EP'« γ’ ⁶⁸0 ⁹9 ⁴0 1⁰, ¹⁸· 110
0011101101. 01. 9, 89
olto Ep. 9, 9
1010111. 01. 9, 18
10000109118. 9, 198
0100011. 01. 18, 81
1101110011. 18, 19. 111. w, 87
11111001. 98, 9
egregins 11. 8. 8, 81
expugna 111. 01. 19, 9
1000011011801. 1, 159
hostiles E . 8, 88
Iliacas i. 111. 19, 89
1111111111 11 ¹⁸
01000011. 18, 81
0010111101. 89, 81

..gu-iii. 11, lo

 

