ὓ

01110011. 130100
[Hune Ep. n, 00
0111111111. Ρ. 61
01111118 1, 88
Ditem i. ,1, 18
nito· 11100111 1. 01. m
Ditem 11. 8. 1, 10
Ditbynmbos 11. 01. 8, 10
Diti& i· s· 1, 801 5291093 510 1118, ⁵²
01111 (11011.) Ep. 1,οε
01010 8,10. 11. l, 1.1,88. 6, 8.
11, 21. 1101010101101.
11. 1, 108. 8, m. Α. Ρ. 80, 06
0000118118, 1. 86, 1. 111.88,1.80,0.
Divo 11. 01. 1, 1
1111011111. Epi. 10, 18
00111110 1. 8. 8, 81
0110111111. 01. 11. 16
0110110011. 80, 18
nivem 1. s» ¹0 ,ο 1ωο ii· Epi· ἱ, oe
Diversis i. S. 8, 111
0110110110 1. Epi-11. 10
Diversum 18, 6. ii. 1, 186
Dim ii. 01. 8, 81. 18, 10. 11. 18, 81.
1.8.Ι,00.8,181.11.1.10.6,11.
0,18. LE 1.1,81. 100. iiam
1011001001 11. od. 12. 21
1111ιᾶ 11101180οΔοῗ 1ῗὶ1ιο0011 nummi·
1. ι.. , ι ο
amicus i. Epi. 18, 81
101100οω010 11. 8. 8, 168
metentur 101. 81, 11
multu tellure Ep. 16, 18
opis unium 1010 1. 8. 8, 11
Persiu· 1,1
Priamus 1. 01. 10,11 ⁴
&lolia 11. 11, 88
011011, 10
0010111111. 8. 1, 06
0111 11. 01. 8, 88
1111111180. 11. 10. 1. Epi. 11, 81
0111111111. 01. 81, 0
1111111110ιὶ8. 7. 18
01111011. 01. 16, 10
Dividit 80, 0. 1. 8. 8. 111
0111100 11301. 17. 10
Divina iii. 01. 81, 10. i. 8. 0, 80. 11.
8. 05. Α. Ρ. 818
Divina ii. 8. 8,10
Divinare 0, 00 ·
0111111011. 1, 18
Divinis 0, 111. A· Ρ. 100
Divifl 1. od· 92 91 111· ⁸2 181 18, 61 ivi
8, 01
orte 0001111. 6, 1
0111110101 1. S. 6, 0
Divisit 1, 100
01100111. 8, 18

{unu

01111118. m
1111111011.01.11,1
Divite 11. 8, 6. 11. 8. 8, 108. 11101. 18,
18. 11. 8. 81. 181. Α. Ρ. 100
Divitem 11. 01. 18, 81
01110180. 10, 18
01110011. Epi. 8, 166
improba iii. 01. 81, 08
peregrine ii. Epi. 1, 801
11101111. 18. 0
Dividimus 6, 8
01111ἒ11 111. 01. 80, 01. ii. 8. 0, 88. 1.
1100111108 8. 101

01111111 8, 18
„11111‘1113‘33111 111, 1. 11.
ἰ. 1101. 11, 11
0111111111. 8. 0. 11
Arabum 0110 iibenim 010101. Epi. 1, ι

01110100ιὶ0 11100111. 01. 8, 80
pulchris ii. 8. 8, 00
1111101111 01. 218. 1. Epi. 18, 11
01111010 111. 01. 11. 0. 10. 88
0110111. 10, 1. 111111. 11. 11, 81. 11.
8. 8. 800. 1. 88. Α. P. 88
11011111Μο110 mimici 11. 01. 8, 18
0000101118. 0, 1111
0101017, 11. Α. Ρ. 800
010100 111 1. 10, 11. Α. Ρ. 800
0111100111. .2. 18
01101101 querimoniis 1. 01. u. 10
Divum 2. 86. 18, 18. 11. 0, 88. 18. 8,
01101111. 01. 6.8 .
Dixere 1. 8. 0, 61
01101111, 11. 11. 8, 880. 0, io. A. Ρ.
Dixerit 11. 8. 8, 888. 6, 01. 1, 81
011010 1. 1, 101
Dixi ii. od. 17, 10. 1. 8. 10, 1. 61. 11.
⁵: 11. 1110. 01. 1011. 11011
0111110 111. 01. 80, 18. 11. 8. 8101.
Α. Ρ. 888110
Dixit iii. 01. 6. 80. 11, 81. 81, 8010.
101, 10. Ep. 1, 10. 1811011.
1. Epi. 1. 81. 10, 60. 11.1,800
00 101001κὶ1000 Ep. 17, 1
nomen quodlibet iili i. 8. 8, 180
Doce i. Epi. 11, 10
Doceat 18. 1,01.6, 11
00011011. 8, 08. Α. Ρ. 800
Ducendum 1. 8. 0, w
Dooessdffliiss 1. 14, 60· 181,
0011111010 11. 1. 18, 8. 1801. 80, 11
Ducentos iii. 01. 1, 19
00100 11. 8. i, 81

11000111. 01. 011. 11Ep1.2,11

 

