xxxiv 11111

mocinrepmitoebwwm 0111111011οΑ
formidatum, 11 011111 Δ. P. 11
clunem 11111 111111111ωῂ 11.8.1, 011111. 1111111

101 011111 li. 01. 11, 4. iii. 8,1
01111111111111111111.Ρ.11 0111111.11ρ1ι,ι11.11.011,11
01111111 truci Ep. 1,1 01111111 1, 11. 1. Bpl. 11, 14
αα. i· od· 101 u celon.. iii· m· ι’, w· ὴθ 82 181 ¹·
0111111111. Ρ. 411 Epl. 1,11
(11111118 .1, 41 01111211 11111111 0. 8.1
011111111. g. 10,10. 11. 1,10 11 ulto damnarem 1. 8. 1, 101

1111111111. 01114 tonabat 11111111 1111111111111111.
011111 (11111311. 11110, 1.11, 10 8. 0, 101
01111111. 0 4,11 01111111. E Ι. 1, 88
01111111 11, 10. 1. Epl. 1,1 0111111111. . 1, 41
011111 pedo 111.01.1,11 Coelitum 10,10
01111111.1ρι.ιι,1ι 011110 1111111111.
011111 11. 8. 1, 110. 1011101 1.11, 1. Ep· 1,1
0111111101. 14, w fulgebnt 1111 sereno 11, 1
011ω111111111111111.11,1 1111111111 1,40

1111111111. 18 Mun 111111. 01. 0,10
0111111811, 111 111 diffundere signu 11111111. 8. 1,
0111111111. 01. 1,11 10
0111111. 11, 0 obtem deterget 111111 notu 1. 01.
01111111111.11,44. 11111110. 11. 1, 1,11

111 · 111111111111111111101.11,1
011111111.8.1,10 111111111111111111118.4.11
0111111 depositum 1111111 1. 0,11ι 01111111. 1. Epi. 1.11. 11,1

1111111111 conmittempatu .ι1,ι

mutaret 11 11111111. 1, 10 offerti· 1111111 11111 1. Epi. 10, 0
0111111111 1. m 11 11111111111111111. 011, 41
etonem 111. 01. 11, 40 111 mimum 1111111 1011. 11, 11
cliens 11. 11, 11. aspi. 1, 11. 11. 1, petimus 1111111111. 01. 1,18

18 recludens 111111 111. 1, 11
0111111101, 18, 1 11111 11111111 muri 111110
clientem 1. Ep1. 1, 11 01111111 1. 8. 1, 0
clienti 11. 1, 104 0111111111. 1, 141
01111011101.18,11.111.1,11 0111111111.01.1,11
clientum (proeliantium) iii. 1, 11 0111111111
01111.11,1 cam 1. S. 1, 110. 11. 1, 11. 0, 80101.
01111111111.1,41. apl. 10, 8 8,1. 1. Ep!- 1,11. 1111. Α. Ρ.
clivo· 11, 10 11. 110
cli-um iv. 01. 1, 11 01111111 1. Epi. 11, 14
011111111.8.1,141 cenatum. 01
01111 8, 01 0111111.01.10,11.11.8.0,01.0,1
0111111111 011111 1. 8. 1,11. 11. 1,10. 1811. 1,
01111011 11,1,10 01. 11
clusini· 1. Epl. 11, 0 jucunde 11111111111111111. 8. 110
0131111. 01. 18, 11 01111111 8,11
011 11. 8. 8,0 0111111111 1. l, 110
01111111. 1, 80 . 011111111.0.1,8.11.8,11
conctusa. Od. 10,14. ι. 8. 4, 11 0111111111 8, 18
01111. 01. 11, 11 0111111 1. 4, 80. 1. Epi. 1,1
Cocceii 1. 8.1,10 coenuum 11. 8. 4, 11. i. 01111011
0111111118, 11 0111101111.) 1. w. 1,10
cocco ii. 0, 101 0111111. 11. 1. 108
0111111110 0111111 1. 8. 10, 01
0111111111 emm 11,111 ·

Coeytuu 1111 11. 01. 11, 18 011111. npl. 18, 48

 

