01110 · ,ιιιιιιιιι

Somnia 1000011001 A. P. 70
801100011010111. 00. 7, 70
Semi-nt 111011ιο Austri 77, 00
un 80111101 10111. 1101. 7, 0
1101 Africum 00110οι11001 111. 00.
8001111111(οω10110111100)1.8. 0, 01
00111100.1.1οι.001.111.110
8011111 meridiem 1111111010 20. 0
1000000001010 00 101. 1101. 10, 07
unde 0011111111. 8, 2, 71
11011 80111117, 20
quod 8011110 {iiam 7,100
sancitum& 1101111
01011011 grue A. Ρ. 00
1011111101 11, 10
000113ιὸ1 011000 aquom 0011110110 111,
801010101010 001100111120, 10
1010010010 11. 0. 0, 27
80001001 111 jugia ii. 00. 10, 10
80001λο10>111111011011 100100 0101010101οι
&porismatis 1101101
80010111 1111101 11. 801. 0, 00
conone. 8. 7
militi 8011,οὓ
0011101010110101011100111,00, 11, 7
1111011101. 71011, 00
80010010111111110111(000’,) 10, 10
1001001000
Septimi (01001.“’)ιι. 00.0,1
8000101010, 1

01000ωο000

&pulcra 1110011010, 70
sepulcri 1101111100 00001101110101111011.

00. 00. 07
1000011110, 10
8000111111 010110 0001111000 80. 0. 17
0011001001 17, 77
1100111111010010110 0011011111. 00.
80001110 111010010” ιι. 8. 7 07
001110 01100107, 100
querolum 000100“’ ιιι. 00. 11, 01
Sepulcrum 0010100110 plebi 0101101 18.
10001011 800, 00
01110011. 8. 0, 107

0000001080, 1,17
ειιιιωιαιιιιιιιιιιιιιιηειι. 107

0011010, 70

Sequemur 1010010110 P. 711

w.
. ,110

Sequerentur i. 8. 0, 17
8000010110οω0000,07
1110011017. 117
80000010117, 170
8000010101ὶο, 17
8000010111. 0001717, 07
810017000010110, 10
eum 00100 001 periculum 20, 10
7010101001, 10, 70
1001111111,Οο,27, 10
10010100001011.Εο1,0,00
101100177
Sequitur 10000001 11,8.7,110
00οω10οωηο10010, 17

8000010010 1101010 i. 8. 0, 77

1011011077
10111αο0111.Οο 1, 70
&qmnmfio s· ⁶9 1⁰8· A· P· m
8011 1000100. 70, 7
8010 0010111 0011ιί100 (010 0010) 111, 0, 00
(01.) 101011, 00
80100112, 00
80100011 111 101010100101 Δ.Ρ. 70
8010110 vultu 1. 00. 77, 20
8010110 01010 Ep. 10, 1. 11. 87, 01
80101111. omo, 07, 11. 10, 27
8011 studiorum ι. 8. 10, 01
8011010011110010 11011111 11110 0101111011
ι 2, m
000001000011111101ιΔιΡ701
111οο 1011010 220
100031ιῖ0ιέιῖἱῶ 0111010 1. S. 1, 07
101
8011001 10011100 00111ιο 10000101. 00.
0011101 00110101000, 10
801101 0111101010 0110000001. 00.

, 1011111111 0011017. Ρ. 070

801100 oeyun 11, 00. 7, 20
Semo concinnus 11110110 utaque 1101101
..1111

00011110 1101110 001010 111101 00010111 01011111. 7, 70

01010111. 000, 00

80001111 0101101111, 1101. 1, 00
0001101101ωο 0010111 01 1101117. Ρ.

10111. 11011, 72

000110ωο100, 11

10110 0010110111 1, 70

10 1110101. 80,Ἰο
00000101011111011, 0011, 20

0111111110, 71 -

Sermone 01101110111101 0, 00
000100010010111110001010, 11
1111110110, P 020

0111111011 ³¹²¹ ¹⁴

'matrimus
0110111187,οἳ

 

