111118 11011101 1111101011

, 1736 (1111111 11101111 eu Latin, 1111111111 111 11109011 pai
M. 11101111111Ρ.811111011,8 1011. 11. 111111. J. 1111111111 110.
Smith.

. 1736 Q. Horatii 111001 Opera 011 P. 111. Τ11111011. Paris. 8.

1738 Eadem, 1111110111.

1741 Eadem. 1111111011. 11.

,1160 Lon 1011111 11101101, 111101111 en 11111011, 01111.
charles 11111101. Paris. 1 1011. 11.

1761 1111101101 111 (1111111 1110110111 1111111111011, 1110
111 111111111 11111111111111 011 11111111111111111 11111111, 11
111 notes 001111111101111111111011111. 11111. 5 1011. 11.

176311110111111ᾛ1101101 1111111111 10 11100011. 110111111
11111111.011101111111111111111. Parin. 11011. 11.

1766 1111011111 11101101, 1111 11 1111101101 1111110111 11
1111111100. 1101101111 1111100,-111101111 111 10111 111111 11
1011 111 1111111111, interpretes, 11101101, 11100011010001111 Al·
0111111111,110.·111111 111 11011 1111111, pour 111111111110011111
1711111, 11 1111110111, 11 de 11 0101110111. Paris. 31011. 11.

- 111 1011111 11101101, ,1110 111111101101 111οῳ111 10 11. ὁ

Ρ. 6111101111111111011. 11.

1767 1011111 11 Μ. 11 Marquii de 11 Fare. 01111 1111111·
11111. 10111. 11. Non 010011 11 singulas 0111 1110111111, 111 111·
” tum Lib. 1. 01. l. 1. 3. 4. 6. 11. 13. 1913. 311133. 111111.
01. 8. ll. 11. 14. 16. 1111 19. Lib. 111.01.1.1. 3. 9. 19. 30.
111.ιι.01.1.1.11.1ρ11. 1. 11. 11.

1759 0111 11101101, 1111111111 par 11111111 111 1011111011.
Berlin. 11. 11111 translatio 01011101 11 11 00111011 0111 Libri 1.
1111.11ρ11111113.0111 Libri 111. ·

1761 Les 10111111,Ηο1111 par 01111. 11111101. 110011111 edi·
1101. 111111 11011. 11

- Eadem, 11111 11 11011 1011. 11.

1767 0100111111 11 1111111011 11 0111011111 11101101. 00·
11111 11111 pour l‘intelligence de 0111011111, 11 qui 1011010001·
sion 11 1111111 11111 suite 001111111111 (11 11111 antiques, par M.

11111111 0111111111 11 0111101. Ρ11 Zempei. Rome. 3 tom. 8.

1763 (1101111 11111111 1111111111111101111111. Ρ1111.11011.
8.·1011. 11101011 Operum 10111011 Lib. 11. 01111111, Lib. Epo·
101, 11 Carmen 3110111111μο oratione 1111111111.

- Andr. 1110111 1100111111011110111111111 10111101111111

 

