111 nummu. evii

1110919199191999, 99 ’ luminatis 9011011911 fulget 111. od.
1910111111 plum 1011 1110119191 0111111· 9, 19
911111. 09. 19, 9 11111311ωά11 1, 99
Imm 1111101 corpore reprendas 1. S. 111 animi 11. 9. 9, 999
, 91991119, 99
11111111 911119091991911101.9,99 1011199
19111109 1, 99 1111111. 091, 99
1919191991 ἰ. S. 9, 91 superstes 11, 9
luunt. 11999111 nec 1119111 monn 91- 11111 1.99,1
191111. 09. 11,9 Integra lintea 11,9
Ι91110111171111111101111111.9,9 (191.)9ι191199111191, 19
1911111191 1111011191 19111111 11. 9, 9 11111119 Dim 1111110101199 111. 1,19
but mig· 1110111.9.1,1Ι9 Integris 10911901 3199111999
et 1991111. 9, 99 0019919990119111199, 119
fatum 191111 1111191. 9, 99 Integro 91011. 09. 9, 99
11991011011111011. 11111919 1911311111 dominun 9911 connumeret ii.
sudor 11111111 Ep. 19, 19 9. 9, 99
1911111111 1111111111 0199901919 1. Epl. 19911191991911 111. 09. 9,99
9,19 saporem 1111919111.9.1,91 Δ
1111111111 11. 9. 9, 99 victorem 11. 09. 1, 99
11111111110 1119111111 unus qunti 1911111111 11101.
1111111111ὶὶ.9.1,81 111
191910111109 9,99 1111911911 studiis 1111199111 119999111111·
111911199191111119111119111111.11,99 91119, 99
1911111119. Ρ. 99 19101111 9111191 1111111111ουί1 11. 1, 11
1911111119 amphora 19190111 bibero ’19110 luteum 111111 1. 9, 19
gatula (pm 1111011019 91019)111. 1111911ΐῖ9 Poeta 1101111 1111 liquere
1919191119 iter serpens rumpat 91,9 1911111991 Veneri 10191191 aufert 99. 9,
1111119991 11111 1190191 11. 8. 9, 99 91
191101111111919119911. Epis, 11 1111991111 merulis 9911111 9991911 Μ’
lustravit modicis tigni· 1111111111 Α. Ρ. 199
m ⁸ 191111. 09. 9, 9. 19, 19. 11. 99, 9. 111.
1911191111119999911111111901. 19, 99 9, 11. 97. 9, 17. 9, 99. 11), 9. 19,
Instruit exemplis ii. 1, 191 9. 19, 99. 1.8.1,199.119.9,19.
Instrumenta 1111119190101. SA, 191 99. 9, 1. 99. 99. 1, 9. 11. 19. 19,
1111111111 11191919 9, 99 “ 91. 11. 9, 1. 99. 99
1919991191311111111111, 79 (cmi positum)
19111111ρ11010 1111191901 11111, 199 cuncta gui. 11111. 1999
19111111 9111191 p. 1919 11191110111111. 09. 91, 91
19111111 divitibus 11. 011. 9, 91 9111911101 1. S. 1, 119

1111111111 amomum 99110 1911911 111. 9, 3111υέ1100 '3⁸⁰⁰
11 111119 ,9,
Innumero 11. 9. 9, 199 luderepvir ’011111 0919, 9
Insuper 19911 1, 99 reptare 1. 9111. 1, 1
19191311 9119110 Ep. 19, 1 19911911. 9. 1,11
19999111111191111111 9,19 1111011111. spuma· · ..
19110111 theca 1111111111. S. 9, 1 1919111911111191 nunc thqmd 11. S. 1, 9
Intacta 11111111 urbem carmine 0111- Ι11111911111111111101 111111. Ρ. 191
911111.Ο9.1,9 Ιιι11191911111191111.8.9,99
19110111 boves moraris Ep. 9, 99 1011111111. 9111111
11119111111111111199111119. 1999 1911191119 huic 0111111191 1919111119. 9,
1919991911 19111 911
1111119111 um opulentior 111 Od. Interdum ii. 09. 19, 99. 1. 9. 9, 9 19.
91,1 19. 11. 1, 9. 11111119, 99. 11. 1,
Iunctum quid 11911111 linquimus 1. 99, 99. Α. Ρ.99.919
⁴ 99 latereni. Β. 9, 91. 11. 8, 91

Ιπ11911111111111111111ὶρ.1,1 1111191919,99
wtizam 1111111111 1111111911111. od. 1, 19

 

