xlii 11111

0111111118, 88. 78 cum (311311. 18111111) 81111111 ab
011111831111111101111113, 184 1131 11111111 mo 1111 jacoh 011.
1113113.1,ι4. 11887 88, 18 8111111 111 stridore 131-
1111131 1111111111.Ε31.14, 18 1111111111184, 18 8111111118-
113111111111111018. 18 beruto 1111111111. 8.4 8
3111111111 1111111131 1, 81 0111(311.οιι11111)881111011111,111-
311111131111111Η88188 1113 111111311111111111111
(31111 11111131 311111183118, 111. 018, 8 fidibus vomerem
,1881118 ··⁰⁶ ²⁴ ⁸⁴ 8151111188 8,,
ι 111 11113 1
811311111111811111111014,111111111.01.11,1
1131 11111 habebnt! 8. 7, 8-
1111111111111111. 8, 17 011111.Ε31.18,11
1131 ιιι vitium 11111,11 11111 1111 0111111111ιιιιιο1117,88
A. Ρ. 81 011111118. 1, 88
1131111133111111118318, 18 0111111831. 18, 18
11131111 11111 111 mon 11111101. 01111111.01.1,88.1111,8.11.7,18.
87.88 8,88.,118.11...848..881.831.
0113111 demque 1111111 Ρ. 887 11, 4. 18, 11. 18, 88
Ρ111131111ι11ο111111.0(1. 8, 84 011111111ιιιι101.8, 11
0113111111.1,81. 18. 4. 88 0111111111. 8. 8, 188
011311 11111. 8, 7 01111111. 831. 1, 81
0113111111. 018, 88. 1.8.4.88 01111110.8.78.1.8.4.87
0113111111111101.18. 11 0111111111. 8,“88
1111111111 111) 0111111. 11, 88 Cuneo· 1. 01. 88, 18
01131 1111 88, 11 0111118888
1111113111, 18 01111118, 78
0111111117, 81 01111111111111181111111118187
011110. 8. 8 01111311(3ιο(3111111111311> 10188,
011111 11. 01. 14. 87
0111111.84,1.Δ.Ρ.117 0131111. 8. 8, 88
0111111. S. 8, 74 0131111881. 1. 831818
0111111831. 8, 188 013111111118. 8, 88
Cultum ii. S. 8, 888 > 0131111111. 1131. 1, 887
011111111111111. 01. 84. 14 0131111,188
31111111 1111111131. 18, 88 013111111111111111110118, 88
«Cultura 3111111111 111111111111111, 11111. 8. 1, 81
48 1111111111111311111 1. 1.1, 88
011111131181.01.18,8 0131111111 1111111111 11018,
mim ι. 18100
1111111. 01. 4, 84 lentum 1111111111 11. 18, 8.
1131111818 01311111811113111111118. 7, 88
1111111 1. 8, 18 1111111111111 11111111. 8,111
01111111111111.8.8, 18 0131111118. 17, 87
0111111111. 0181. 11. M. 484 311111 11111111111111111“ 11. 01.
Cum (1111111.) 1. 01. 8, 7.7, 88. 18, 84, 81 .
11 1531118381801903 41 2⁶2 1⁸· cupidinum mm mnium, 81 iv. ¹9⁶
88, 18. 88, 18. 1. 8. 1, 88. 88. 88. 013111(1οῐιι. 11111.) 1. 8, 88
88. 104. 114. 8, 81.87. 71. 114. 1111111. 8, 14
118188. 8, 81. 28. 80. 78. 87. 1110311. 831. 18, 88
87. 88. 181 , 1111111111. 01. 18, 18
0111(31(13111111)1.01.1,81.18,44. 013111 (1113 )11. 8. l, 44
17, 88. 18, 8.,18 18. 84. 4. 81, 0131101111. 01. 14. 88
18.88,18.84,18.88, 87. 87, 8. 01Ρ31111111.8.1,18.8,88.118388
18.887..,..88488888.88. Ι,188
188.,.8818.118.117.7..8.17 01311111Μ8,84 ΑΗΡ188
8,.88 11. 48 88 8, 481848. Cu ’(11111..,88 887,..187 18318,
88.11......1787881788 8.11’..888 ’

 

