CXX

1111111111 11 infestis 11111 11. 8. 1, 18
mgna· 111111 1. 1, 67
Lamum celi Βί111111111111111, 66
11111111 111111 11. 11112. 16
Lutum 1111111 1. 8. 6, 86. 6, 88
111111 reget 1111111011. 12,67
111 11. 1111. 8, 26
Latum 111 milii Ep. 1, 82
quid i. 8. 2, 118
111111 11111111 mente Ep. 1, 6
1111111111οω 1111111111. S. 1, 12
meritorum 1111. Epl. 2, 88
Intus 1111111 1111111111 111. Od. 21, 68
11111 111111111. 8. 6, 81
1111111111. Epl. 16, 6
1111111 111 militia ii. 011. 7, 18
ῐωίαί i· 111116, ω
11111 7, 26
111111111111111 1111111 Ep. 1, 8
infregi 11, 88
levum 1111111111 1. 1111. 16, 6
1111111 Venetis 1111111 111011. 26, 6
11111111 morbo tentantur 11111 11.
1. 1, 111. 11111111
1111111. 011. 28, 16
, niveum 1111111111 11111 111. n, 26
nudum remigio i. 11, 4
11111 metiri 18. 8, 168
opertum obdit 11111 8, 66
patiens tquae 11111111 111. 011. 16,

111111 11 11111111 Ep. 16, 8
11111( j.) 11111111 11. 8. 8, 188
11111111 1. 1. 76
11111111 1111 8, 187

111 1111111111111111116, 186
1111111111 1111111 Λ. Ρ. 468
1111111111 1. Epl. 18, 86
1116111118, 66
Ιδωὼωῐ io od· 78 ¹
11181 111819 ἢ· ⁸ ²' ⁸⁹

1 v. , ι
1111111111. 1111. 8, 168
1111111111 tuum 11111111. od. 1, 81
11111111111111111 1111111 prole 6, 88
11111111 1111111111. Epl. 1, 866

111 1111111. 7, 78

11 1111 111116, 8
1111111111 1111, 18
Laudari 11111 importunus ii. 6, 66
1111111111. 8, 81
undu 11111111. 011 18,8

1111111111811. 86, 4

1111111111 11. 8. 7, 28

11116111 1. Epl. 11, 6

mullum trilibrem 11. 8. 2, 88

1111 11111111 1, 86

1111111888 .

pudorem 6111111111 1. Epl. 6, 12

mnu

11161111 1. 11111. 87
Laudat 1111111111. 8. 1, 6
1111111811. 11. 18
Brutum 1. 8. 7, 28
cumen 111111 8111111 11. 8111. Ι, 86
cohortem 1. 8. 7, 28
hoc 2, 68
1111111 1111111 11. Epi. 1, 11
ἷέὦοῇοὶἒυιὶἱὶ 8ὸ46, 78
11. p . ,
11111. od. 1, 17
11111111 11111 11111111, 11. 8. 6, 76
111111111111 1111111111 Α, Ρ. 178

.. Lnudntoro 1111 plu· movetur (1111111

1111111111 111 1. 8. 8, 11
1111111 eadem 16, 1
6111111811. 16, 28
Laudatus 011111 judice 11. 8. 1, 88
laudaveram 11 pulum Ep. 11,16
1111111111 Plautinos 11111 Α. Ρ. 811
1111111111111 111111 111. 01111
cum 1111118 11, 6, 07. ἰ, S· 10. ⁴⁹. 11.
Epl. 1, 246
dignum virum 11111 mori 11. 011. 8,
111 1111 111111 Λ. Ρ. 888
Laude 1111111111 1. Epl. 7, u
dom 1111111111 1111111111 11. od. 11,

non 111111 A. Ρ. 868

preter 1111111116111111. Ρ. 888
1111111111. 86, 78
111111 11111111 1111111116, 72

. Augusti agnomen) i. Epi. 16, 86

111111ωά11111 C. 8. 76

dicore 01111111. 0116, 11

indicant 1111111 11. 8, 86

1111111111 1. 86, 7

1111111111111311. 16, 8
11111111118 rffl 11οέ111ιὲ1 Α. Ρ. 1oe

13111111111111 1111111181, 166

1111 11111111. 16, 88

111111111111111. 1111. 16, 86
158111111118181101111111811881.. 18821
111111 magne 1111 1111111111. 8. 8, 66
Laudibus 1111111 1111111111 1. 011. 18,

11181111111 1111111 81,6

vini uguitur 111111111 vinum 11111.
1118313111 mimum 111, 176

111111 1111111. 1, 86

11115181111111111111111111 111. 011. 86,

1111111 11111. 1111. 16, 12
11111111111116,6

 

