11 11101111

1010111110 A. P. 107
0010101ομ100 111. 00. 18, 10
aperimini 0001001110, 10
timidus 01010110 A. Ρ. 18
0000010110111101.8. 0, 71
11101001 10, 11
utaque 1110001001 10, 01
1100111 opetum ii. 1, 110
1101 rerum 1, 11
Α110110111000 0011011110 A. P. 100
00111000 0000010 10, 7
0010110011011 001101 111. 11, 0
celer excipere 1010 11, 10
1100011. 11 .10, 11
nutui 1. 00. 11, 18
101010 11. 0, 10
dignu· 00111111 1. 8. 1,11
00101111 1,1
00011 0101101011. 00. 11, 7
doctus 0011101018. 10, 10
dicere 100000 C. 8. 71
stadem 10311108 i· 0110 2⁹, 9
dolossffiffmfflffl
001111 componere 101101 1. 8.· 1, 8
010010 eluere 11. 00. 11, 10
fortior 00010010 111. 1, 10
101110 1100001110 11. 8. 7, 10
{metm ’11121 1111111111θ
mpiger 1010110 11. 00. 11, 11 .
101 tens 0001010 1. 17, 10
111·μο 0111111011.Ρ.111
indigni rumpere 10101101. 11011, 11
1111101011. 00. 11, 10
11 aperite putu· c. S. 10
1001110110 1. 00. 11, 17
lubricus 001 10111. 1
0101000100”1.1’.1>1.10,00
nescius 010010 1. 00. 0, 0
fni 170 6118
nobili· 10001010 1. 11, 17
001010110δί111 periculum Ep. 1,1
pernix relinquere A. P. 101
postium 100010 111. 00. 10, 10
piger 10110 laborem i. 8.1, 11

timidus 1111110 11. 00. 0, 11
1010111 00100110 11001111 17.1
(Αο100111οΜ1101ᾞο1011111111101 ”⁸ υ

abditu 101100 A. Ρ. 10

scut· 1101Ιί 11. 00. 1, 70
1010000011 .1,11
Afrum (pro 1111001111.011.1,17
1111110 (pro 01011)11. 10, l

001111 curarum 11. 11, 10
1010101110101011.8.1,111
cunm 1111011011.0111,10

0011 01111, 0010 1ομ 01010, 0010 belli 1

ficta 10100111. 8. 1111
inn'ogne 1000111, 101100 10010100 111.
111110 prescriptum 0001101011. 1,11
010 10011 1. 8. 10, 10
0110110100 10001101181111, 100
negatum 01000100 ,17, 17
000 011 meum 111. 0. 10, 17
obscurum Luna 111111 11, 10
0011100001 0011100101 11. 00. 10, 11
per obliquum 111. 17, 0
rectum 001101 11. 8. 1, 101
10110 10110 A. P. 111
A ’101111111.00.7, 17
A 111181111οΕμο myst
00111110 10, 0
11010101 118. 1,117
1010111 00110101011.00.11,1
et 0010111 ii. 11. 180
10101001 1. 00. 11, 1. A. P. 170
100110 1108041940 10 81110 11008
MQAAQm
10110 1, 00
1001010111. 00. 11. 11
11010000, 1
0011110110. 10
1010010111 1. ΕρΙ. 11, 17
1101100110 Α. P. 178
A gere 1181117
1010101010 1.0,10
Ad 0111 11. 1, 71
A 1111110010, l
1001110118. 1, 00
Admissi A. P. 1
1011111011 1. 00. 10, 0

11100000 0100111010 pulveres Ep. 17, 17 Admitto· i. Epl. 11, 11
ridiculus 0000111010 placeam 11. S· 0, 0001111101. 1, 111

11

Admonuit 1101 010 110 (pm 111 im) 1. 0,

00100 fingere opprobria 1. Epl. 11, 10 m
segnes 1100001 0011010 011110 111. 00. 1001010111 1. 011110, 10

1100011.01.11,11

101011 ponem 0000 bominem, 01100 1010011111. 13011, 101

0001011. 0, 1
001111 0001100010 amicos i. S. 1, 10
11101000 10011111.Οὰ 10, 1

1001010111 10110 1. 8. 0, 11 ·
10001111. ΕρΙ. 0, 11
100111. 8. 0, 10

 

