11111

mm

10111111 1111, quis 11 11011110111101 Fracta 111 1111 1181, 19

Deus 111 11. 8. 8, 81

11111111.011.7,11

in 1111011 labier 1011 11. Ep!- 1, 91 Factis 1111111101 11, 11·

manet 101111. 8. 7, 88

navibus A. P. 19

mnibus 11101111 regum trahitur 11. Fracto 0111011000 1111111 attollere 01-

8011, 191

1111. Ep. 17,19

melior quo 001 cumque 11111 1111111 ructo· remo· 118111181111 80. lo, 1

1. Oa. 7, 11
10111111 101111 occidit iv. 1, 71
101 111111 01111 110 1. 1

Fructus 11111111 multo 11110111. 8. 1, 1

orbi· 1111111111 111. 011. 1, 7

11111111101011 1101111011]οώ 11. 11, 11

10101 0010111111111111.8.1,111 11111110 oqui 11111111 in 011 1. 801.

01010111 11. 011. 11. 87
0118111101111111111, 19

1ῗ11111 81111111111, abent 11011111 Α. Ρ.
ammio 11111 111. od. 10, 19

11, 11

Frenis 1011011111, 81

011 temperat i. od. 8, 7
0111111111 currere 11111101 10001118.
1011111111 010111111 11. 7, 11

0011111111 benignum 1. 801. 11,19 11111011 1000111011 1. 10110, 18

Trojae (00111111 111111 clude 1101111111
111. ,1, 81
11110111101111111111.8.0,11
Fortuna 1, 11017, 11
ad 1011111111 1111111111. 1, 11
8111111. 89, 19
1111111111. 011. 1, 1
1110001111 superba 1. 1101. 1, 08
riva· 11 111110111, 9
1011111111 1111 10111111111 11. 8. 8, 81
1111111 7, 11
mgnum 11111 1111111111 111. od. 17,

Priami 01011110 A. P. 117

1110111111, 11 uti 101 conceditur i. Epl.
0111111111· 11
1101111001110111 1111001 plene 0111111111 1.
1011011111 merentem 1. 8. 1, 1
fortunatius 1111 ingenium A. Ρ. 111
1101110100 1091011101 011111 01111111 1.
108101111110111 1011111 11, n
Fortunis 11110111 111111 A. Ρ. 1 11
11111111. Epl. 19, 8

,10 1 1. 8. 1, 1

111 1111111 tramite 1. Epl. 8, 89

litibus orbum 11. od. 1, 11

omne 1010111801. 18, 17

pete 1119

οί1ἑο1ἱ1111121101111111. 8. 8, 111
fossa hicpeat'ingmu 11. 8. 1, 11
Fossam i. 8, 88
101101 111. 011. 18. 11
1011111 Λ. P. 1118

11111111001 0101111 1. Epi. 18, 118
Fracta cuspide ii. 8. 1, 11

lugon· 8, 81

011011 11111
fragilem 0111111011 101111 111. 011. 1,18
111011 pelago 0011111111 i. 1,19
11110111 myrto iii. 11. 18
..01 11 11 ³· ¹· ¹⁷
11 e 1. ‚
111111οῗ 111111111 (010 110111) 1. 1101.
frangat 110 11101101111, 18
0111111111 ’. 8. 8, w
1111101111 ’111111 1, 118
Frangere c 111101οῇ10101 111111 Α. Ρ.
1111110011111101111111101.17,17
0111101101 1. 11, 19
Frangit 111111 1111111111 Aquilo Ep.
1101111010, 11. 1111111111
1111111111 1111. Epi. 18, 11
01110111 Ep. 17, 11
00111111. od. 17, 11
1011111101111, 11
fratem 11011 101111 Ep. 7, 18
1111111111 10111111. 1101. 19,1
moribus 18, 11
Fraterno 111011011181, 18
1111101111 rumpere 1011111 1. 1101. 1, 11
111110 i. 8. 11, 81
111 11010 (10110111 1. Epl. 11, 7
Fratrem 1101111111 0111 motatur 11, 7
11111101 Heleno i. 011. 1, 1
in 1111101 animi paterni 11. 1, 8
tendentes 00100 Ρο1101 1100111111
Olympo 111. 1, 11
81111111 1. 11, 11. 11. 801. 1,,181
geminorum gratia (1111111111. 18, 11
1011100110111111101011 iim, 111
Fundam 11011111 1. 8, 111
Fraude 111111. Od. 8, 18
110111. 18, 19. C. 8. 11
Frondem 1101111111 1. 01. 18, 11

 

