xxiv

Rullumulwmqimtffllm
petiusmoEpmo
nffisshw
111111.00.87,17
111111. 11,18

11οΠ

nimau
01011111 trin ,11. 471
montium 111. 00. 81,14
1111011111 1111111101
nile 1. 11, 4

1111111111.7,11.11.1,10. 1. som. nilomi'usaamnpt 1110. 11,

7,11. 11. 111, m. A. Ρ. 810
ductum 1101οω1111 111εο11 111. 00.
boc 11111111 1111101101 h upon 111

gutia Ep. 1. 81
incuteret 11111111 11. 1. 1, 81
. 110110 1111111118

1. 00. 81, 11
no Α. Ρ. 117

“ 117
buum 111 Ode 10147
Bene 11.7,10.10, 14. 111,17,10. 1,8.

1,17.07.0,81.14.Ι.1111.11.1
‘mog' ’1111311111Ἧῖ
1011100111 ⁴ ⁹ '
111111100018, 10. 1111111. 111.

11110 1111311111 tortum 17, 74
11113111 . 17, 01
wi. ,1111001101
1011110111
Benigniusi. 0. 0, 0. impl. 17, 11

11,.. 10111, 11. 1.. 1, 11. 1. 11,,1.

Βωὶςπυιι 11, 10

1111131111. 8. 1, 4. 11. 11. 1, 1
Μὴ.. 1111011. ¹⁹! ¹⁸0 171 11 n
&mentio 1. 11, 11

11111111. E . 11, 87

niumm 17,18. 11μο1
11111111. 111111, 11

1111110111. 00. 7, 10

1111111111 1. 11, 1

nibem 10, 8
1111111111.Ερ18,0

Bibere 111. 00. 8, 11

1111111111. 11111, 18

nibem 111. 00. 10, Ι

3111111111. S. 1, 10

11111111. 00.10,10. 1. 11111, 1
mmmm 11. 8. 8,11

11111111. 00. 11, 4

1111111111. Epi. 1, 81

1111111111. 1, 111

1111111101. 11,18. 1111, 11. 1. Epi.
111111 1. S. 10, 81

Bibuli 111. 00. 88, 8. 1. 1111. 10, 01
Bibulum 11, 81

11111111. 01111, 81

117. 1111101

1111111 11. S. 8, 01

1111111111 1. 10, 80

nili· 0, 00

111111 1111011111ηωῦ Bp. 11, 10
191ωοὶοιῆ 1. 1, 141

1111111111 1. 00. 7, 8

mm 111. 17, 10

nimi 1 11, 11

Bioneis 11. E 8, 40

1111101111 11. .1, 800

0111111111ιὶ1. 00. 4, 07

11111011 111. 10, 08

nini 1. 11. 00

1111101. 1011. 11111111. 11. 1,
²⁵0 ΕΡ141 81 ⁶. ⁸³0 ⁹, 171 111 ΕΡΙο
1,81.1, 81. Δ. P. 800. 140

Bistonidum 11. 00. 1010

nitho i. S. 7,10

11111111 1. 00. 80, 7. 1. Epi. 0, 88

Rimmon E . 1, 81

11111101 Α. . 100

1111101111. 00. 1,8

011101 1. 0. Ι, 11

11111οἰ1111 111. 00. 11, 11

Blandior 18, 18

mundius 1. 11, 18

Blandum 11, 11

111110111111111. 1, 180

11111111 11. 8. 7, 11

1111111111 1, 110

notu· migeti· 1111011011 111000,

Duum 11. ΕῬΙ. 1, 841

Bolano 1. 1. 0, 11

Bon· C· 1. 17. 1111011111. 11.
1, 11. 1111. 11, 111

Bona pm (pm ungu) 11. (10.1, 111.
8111611Α1Ρ1Μ ’

Bona 1. ο. foculum 11. S. 1, 188. 1.

non-33] 0111161110. 1, 1111,

nomm c· s· u· 11811161

1111111011, 117. 11. fl· 1, m.
01. 1111111117

1111111ἑ. 020111. 11. Β. 0, 70. 1. Bp}-

1101111 11. 00. 1, 1. 11. 4, 80111 1.0,14. ’

111111, 111. i. 11,»1. 11, 11.
111011101111. 1111. 1, 1. 11,
11. ii. 1, ι

 

