111 nomm.

01111 1111311111 11. Epi. 1, 10 0101111111 111. 00. 1, 10
suspice i. 0, 17 Aspexit i. Epl. 7, 00. 00
1113111 revocavit iv. 00. 10, 10 Aspim 17, 1. 10, 70. 11. 1 , 170. 1, 01· .
0111 111111. 1,7. 0. Ρ. 111 01111111 11. 8. 0,0 ’
0111011110. 0, 0. 11011. 1,141 01111111. 00. 10, 0
0101011111. 8. 7, 10 Aspiciam 1100, 00 ,
011110 · 17, 01. 1. Sd, 101. 11. 0, 7. 01011111οΕ .10,0
,1111111 ,, 11,, w
011111001111,01111.111, 11, 10) 0111111100. 10, 10
bum 0111111110ῐί.8.0,0
011110. 8. 00 0111111010. 1. Ep!- 10, 01. A. Ρ. 000
0111111. 10,11.10 ρο101011111011.Ερ1.1,17
111111 populun 111. 00010 Automatam 0. 1². 110
non 11111 ligonibus i. Epi. 1⁴, 17 0111011111. 8. 1, 01
ndat aquosus 011111 1111011011 Ep. 10, 00101111 Ε . 1, 10. 0, 00
⁶⁴ 111111. ,11. 11
1131111101 11100. 0, 10 Auidus· Ep. 10,ἱο
0110111111, 101111110111
01111 111. 00. 0, 0. Ep. 1, 10. (111111. 01111 1111101111001 11. 8. 1, 70
0, 0. Bona) 01111 1. 8. 0, 10. 11. 1, 00 ’
1111111111.1,111.1,11 mmm, 111 ,
11110111 0101111011. 1, 110
Ano 1. ΕρΙ. 10, 1 “ Aaou 11. 8. 0, 01
0111117,17 0111111111, 100
0111111111. 0010, 7 mcum 11,1
pingue ⁴, ¹⁶ mim ΛιιΡι ¹⁶
01110. 1, 00 Auum 1. Epl. 0,10
0111101111.1·101.1,110 0111111111 1. 0. 0, 01
0111101 111. 00. 0, 00 0111111 11110111.00.11,10
01111111111111. 10,1 0111111 1111, 01
, Asdrubal 0111111111. 01111 01111101 A. P. 110
0101110111 interemto 1, 71 0110111011. 101, 110. 0,0
011111 sardonum fabellam 11. Epi. 1, 011110, 117
100 0111111 111. 00. 7, 1
οκ110111.8.1,00. 1. E Ι. 10, 10 01110 17, 01
0111111 1111111111οι 1. 0. 0, 10 educit 11111. 1, 10
Auia 7,11. i. 11111 1810010111 11, u

0111111107, 10 penmbulabqup. 17.11
0111110111. 10, 0 urbem 10 111111 11. 8. 7, 10

01111111. S. 0, 10 0111101. 10, 01
0111110000, 0. 0111111. 01111111οΕ11.1,171
100111 101111111101111
01111111.ΕρΙ.1,11.11.1,111 0101011010.10,0 ..
11110000 0111111110 11,11.ιι.111)1.1,101
111100111 1111111.1.ι,111
1131111. 00. 10,0 0111111111ιί. 0, 01
Aspera 11. 10,0 ‚ 0111111 ι1. 0,10
0111111111. 000 (NJmf’flijffl ,11111110-
0111111 fore· 111. 10,1 hucm 11110111 ,107
torpentes 1. 07,10. n 01 i. 00. 10, 7. 10, 10. 01, 10. 00, 10,.

0101111111 11111. 111. 11. 1, 11. 011,
0111010011111.00.11,00 10010. 10, 17. 1. S. 1. 11. 01.

111111111111 · 111

Asperitas ‘ et 1111111111 guvin- ampanegemel1{i,sspl.1o‚t
’ 11111111 1111 01011011. 8. 0,07
11 mmm& 1,ι
01101111101, 70

 

