ΙΝ Romnum

1, 1. u. οι. 11, 10 ii. 1, 00.

1. Ρ. 101

J 1010111. 0111..

Audiui· 11, 11
11100111,11.10,11
Audiendum iv. 1, 40
Animum! 10 'a 2⁷ ·
1011... ii. 11,1 1, 111

, 1011011001, lolam

Audierit 1, 00

1101010001,11.11. 11.0.1,190

10011011.00.1,11.11. 11100. 10.
², ⁸⁷· 110 ⁸, 770 11 Eplo ¹, ⁴⁸0 8,
0. 11.1,100.1, 119

Audiat 1. 0. 4, 01. 11. Epi. 1, 00

11010ιί. 00. 10, 0. ,111. 10, 0. 11, 1. 17,

10011 ro 0100110) 11. 0. 0, 10. 7, 101.

1011101111 i. 1,,1. 1, 00

Auditii. 00. 10, 40. 111. 7, 11. iv. 14,
00,1.0.1,00.0,10.11.1,10

1001110. 00 ι, 1

10011110 1. 14, 14

1001011ῑὶ. 4, 0

11010011. Epl. 19,19

1101001111 1. Ρ. 140

1110100111 i. 010, 0. 1. Ρ. 100

Audi& 110 gd· 1, 010 1108. 0, ω· 110

Audivere iv. 00. 11, 1.1

10010111. 0. 1, 18

100001 1, 94

10011101 101, 104

Am 1. Ρ. 107

10011011. 0. 0, 04

1000001 0, 00

100011 4, 1

Aventino 11. Epl. 1, 09

Aventinum C· 0. 09

1001111100 E .0, 10

1001001011. gd. 4. 19

Averno· 00110001. 0. 0,10

1001000 10111110 00. 11, 10

Avertam Ep. 10, 10

tvm 1001010110 (pro 1110000 0 0101-
catum 111 su ⁸0 ¹⁰⁷

Avertit ii. 1. 1, 110

1000101111. 0, 10

1100000100110 11010,

100110. 00. 11, 7. 1. 0. 4, 01

(nixum altam 00111101, nonu.

· 0

10101110.1,110.7,41

Auferam Ep. 0, 90

Δ1101οἕ10 819, 110 110 0, 1010 11 ΕΡΙι
1 ,11

101010 11. 0. 1, m
10000.ο110,1010.ι1,1. i, 1. 1,
800 1οη11 11, ”⁸ ¹⁸, 1111 1101,

Aufidio i. S. 0, 14
10101111. 4, 14
Aufidum iv. 00. 9, 1
Aufidus 1001101. 00
100001100101111110. 00. 14,10 110-
1011111. 10, 10
Ange 1. Epl. 7, 71
10101110,οε
Augur 1180 0,.ῃο 10 ΕΡ10”,9 ⁸
1001101. 00. 011
un 000010 cornix iii. 17, 11
Ρ 1001 (1.0. 01
Αψὼ1110οἀ016, 110191 10
Auguste 10. 10,1
Augusti 11. 9, 19. 10. 1, 41. 4,17. 1. 111.
1,1.7.10,10. 11. 1, 40
1010001. 11,1
1001011111. 001,11.0,1
Ansam 10.1,7
10001111, 40. 11,1). 11
11101 111. 00. 11, 4
111010 im, 10
Avida 1. 0.0, 117
Avidi 1. 0010, 11
1010101110 11. 0. 1, 00
Avidis 110111 1. 00. 10, 10
1010011. 0. 4, 110. 0,Ὶο
Avidum 11. 00. 1, 0
Avidus 111. 4, 00. 11. 0. 1, 101. 1. Ρ.
10110 montibus 1. 00. 11,1
111111.0.1,10.1,71
1111 Ep. 2, 01
1110ωο11111. inphmibw 1, 10
01Ϊ11111110 Od· ’1, 1ο
infelix 10. 11,0
Avi· pejor 10010 1010111011 111. 0, 40
,4νί01 1. 0. 0. 70
Avium 111. 00. 1, 00
Avitl· 1. 11,0
10100111,41
Avium 111. 1, 10. 1. 0. 0, 1. 1. spi. 1,
Aul! 10 od· ῃ, vt 111 10, ⁸0 18, ⁸¹0

. 11010001

Aule 111. 00. 11, 10

1011ὶ11ῥο.0,04. ⁷1. 11 11111. 1,109.
1011110111. 00. 10, 10

101111 iv. 0, 10. 14, 00

111011. 0. 1, 171

101100 1, 190

10100 11. 00. 0, 10

Aula· 11. Ρ. 171

Am 110 od· 8, u· 1110 ”0 u· {7120 ”a

 

xxi .

