111 nonnum.

01881818 1. Ε Ι. 19, 89
cineres 11. Oi). 8, 9. 11. 18, 28111819,
tl. A. Ρ. 471
01881111. 08. l, 8
cingo iii. 89,18
cingentem 29, 29
0111188881 1. 8. 2, 98
01811 Ep. 17, 88
cippus 1. S. 8, 12
αω1ω18818888
58 'ivn l, ὅ. ², ³⁰· 11. s· 6, usn&
A. Ρ. 82. 182
circu (propr.) Ep. 17, 17
cim i. Epi. 2, 28
circu Epi, 89
01181811 ii. 8. 4, 88
circen i. cd 17, 29
circiter 7, 47
Circo 11. 8. 8, 188
Circum i. 8, 98. 82. (praep.) i. 08. 2,
ammomumtm,
189. ii. 8, 149. 281. 4, 84. 8, 7. 1.
Epi. 1, 49. 11. 2, 98
circumagi i. 8. 9,17
01188818818 2, 98. 99
circumgemit Ep. 19, 91
0118881118 i. Epi. 19, 7
circumposuisse ii. 8. 4, 78
circumfoditur i. Epi. 18, 82
circumtonuit ii. S. 8, 228
circumvagos Ep. 18, 41
circumveniant A. P. 189
(011818181811. 08. 2, 84. Β8111Ι.>11. 8.
l, 88
011811811811181 1. Epi. 8, 21
cirtam effractum plorat 17, 84
cinerariorum
0118 1881111. 18, 29. i. 8.1,8
Cito Ep. 9, 29
01181811. 8. 8, 7
0118818 1. 08. 24, 4. 81, 29. 11.19,18.
111. 4, 4
imbelli 81181188 81118811. 19, 18
cimam i. Epi. 2, 98
88 strepitum commurmurant,
8811181111. 08. 1, 29
1118811 8111818 11. 12, 4
Musam 1888111818 1818118119, 18
181881111. 9, 19
studio deditur 11. 8. 8, 199
18 888 8881181111. 08. 19, 14
01188811. 8. 8. 194
cithrroedru A. P. 888
0111118 1. 08. 18, 29. 1. 8. 9, 24. 11. 2,
89. 8, 88. 111181. 1, 292
0118 A. Ρ. 888
011181. 8. 1, 197.19, 81. 11. 8, 47
citum Ep. 17, 7

napi. 8 11881...

rffifi

011111 1. 08. 87, 18. 111. 7. 27. A. Ρ.
(pro cito) i. 8. 19, 92

Civem ii. 9, 89. i.Epl. 18, 29

011811. 08. 2, 21. 1. 8. 9, 94. 89. 1.

Epl. 1, 88. A. Ρ. 499

0111 1. 08. 82, 8

01118811. Epi. 17, 88

cmmm

ciricum rabiem iii. 08. 24, 28

ciricum motum 11. 1, 1

0111181 111. 8, 17

0111118 1. 8. 9, 89

0111118818 . 18, 1. 1. ΕρΙ. 1, 18

0111111 11. 8. 18, 18. 11. Β 1. 2, 47

OEaemmzmssmm

01111818181808. 29. 28

01118111 8, 2. 8, 21. Ep. 2, 7

01888 111111 fortuitu iterabitur 111. 08. 8,
1118111 118181 1188 01888 118181 ir. 14,

0188811188 18818 derivato 18 putrium po·

puiumquo 1111111111. 8, 19

. 0111111811 Α. P. 128

01118881 11. 8. 8, 198
01881881181118, 92
01118817, 29
0181811 i. 1, 12. 1. Epi. 17, 48
01181181 11. 8. 8, 189. 11. Epl. 1, 89
mmet 18 s· 2, 18⁰· 118 ⁸, 078 i· m
19, 88. A. Ρ. 499
0111188118. 1, 49. 1. Epi. 19, 47
0181118181. 08. 2, 88. 111. 8, 18. 84, 48.
1. 9, 77 ’
clamore 88181111 praeiir 8111118881 1. Epl.
mrgno 81818118 11. 8. 7, 88
1118811881 111. 08. 29, 89
0181881818 comperce ii. 29, 88
lenite 1888188 1. 27, 7
cium 11. 8. 7, 48
clarabit 11888 iu. 08. 8, 4
0181818 1. 7, l
clareii. 8. 8, 27. tEpt. 19, 89
(1118188881 1. 08. 29, 9. Booti.)
011111 111. l, 7. 14, 7. 11. 18, ld
clarior 111. 1, 42. 9, 8
018111 11. 8, 81. A. Ρ. 288. 448
0181181 11. 08. 8, 19
Claro 0. 828. 1. 8. 8, 98. 11. 98181
0111811181 111181. 1, 289
011181 1. 8. o, 91
01811181 1. 8.9, 94. ir. 08. 8, 81
018181 111. 24, 89. 29, 17. 0. S. 89. 11.
8. 8, 97. 194. 11. Epi. 8, 82
88811183888111. 7, 47
018188 18. 2, 47. 111. 08. 11, 48

lud. Hor. Ε

 

