ccxxxvi

81111111 111111111111111 111111 Ep.

Solve 111 demenda 17, 11
“nexantem equum i. Epl. l, 8
nminem Ep. 11, 1
Solvuntur 1111 11. 8. 1, 86
Solvere Lynceum 8110, 28
nogium ιιι. 011. 21, 22
...111 ..
8111111111 Deua i. 1111116, 78
mo 11111· 111111111. 01. 2, 11
querimoniis i. 11, 20
summouentem· 111.2,7
81111111111111111111. (1.1, 1
811111 11 1. 8111. 10,11
Solum hoc 1111111111. S. 1, 10
solun dominantia 111111
111 8111111. 8. 6, 81
811111 11111111116111 Bp. 16, 10
111111. 01. 18, 2
turpe 11. 7. 12
81111 11. 0, 20. 1. 8. 6,126. 122.6, 102.
112. 11.1,11.11.Ερ11,1..1.1).
81111 1111111111 1111111811. 1, 87
811111111111111. 10, 1
Soluto 1111111. 01. 1, 10
81111111 crinibus ii. 1, 21
1111111111111 111. 17, 10
lege 11111111 11. 2, 12
111111. 2011
Soluto Ep. 12. 8
8111111111 1111111 1111111111 18. 6, 120
&lum ⁴2 ⁸2
111111 111. 011, 02 “
8111111111. Epl. 1, 20
81111111 emmo 1111611 11111111 Ep.
1, 71
11111112,1
legibus 11111111 11. 8. 6, 68
1111111, 2
Somnia opi A. Ρ. 7
nocturnum 1111111 1111111111. 81, 81
Pythagoreo 11. 8111. 1, 12
side· 2, 208
11111. 8. 10, 22
81111111 nocturni· 1111111 1111111. 01
Somnium 11111111. 27, 12
8111111111 1111111111. 8. 1, 8
cunm 11111117, 111
fatigatum 11101. 1, 11
gaudenti· 11111111 11. npl. 2, 78
oblivis 1181111111 118. 6, 61
Somnos 1111111111 1. 01. 26, 2
avertunt 1111 ἰ. 8. 1, 11
1111111111 wore Ep. 1, 06

lNDEX

11111111 cnm i. Epl. 10, 18
letheus poeula ducentia Ep. 11, 8
111111111111 1, 28
11111 timor 111111 11. 01. 11, 15
Somnum 11111111 11, 8. 111. 21,1
111 1111 operiobrepm 1111111
plebi» 11181) 1. Epl. 7, 11
reducent 111. 01. 1, 21
sotnffssffissffifflss ’11. ⁵,
111 berb· prope rivum juvat 1. Epl.
11 horam 1111111111111111 17,6
11111 agrestium 11111111 111. 01. 1, 21
longus 81111111 11, 28
81111111 cornua magn i. 8. 6,12
81111111111 Ep. 12, 1
8111111 1111 0, 1
ungula 16, 12
8111111111 11 Aufidum 11. 01. 0, 2
1911811111 111. 1,17
plectro 11. 12, 26
811111 voles 'yn Ep. 17, 10
811111111111111111. 8. 8, 11 .
8111111111 magud. 11
Sonent 10, 88 .
81111111 nuditum 11111111. 01. 1, 12
8111111 11111 lituo 1111111111 1. 1, 21
8111 dulci 1111111111 11. 12, 28
testudinis 1111111 1111 A. P. 801
811111 111111111111 218
”ww 1111111111 11111111 11. 01.
11111111 11111 pervincere ii. Ept 1,
1111111 populns 111 crepuit 11. 01. 17.
1111611111 digia· 11111111 et 1111
lym 1111111111. Epl. 2, 86
Sonus 11111111 Ep. 17, 17
8111111111. apl. 1, 161 .

8111241116111111 111110111811111 101.

811111 dulci Ep. 1, 16

8111111 dedit 11111111 cantu ii. 8. 2, 80

8111111 1111 nive 1111111111 1. 01. 0, 2

8111111611111. 8118, 11

Sordent 1111111 11, 1

Sordes objiciet i. 8. 6, 68. 107 .

sordescere 11111111 vulgi 1. 1111. 20, 11

811111 pretium 111111 otu 18, 18

8111111111111111 obwlet· Ep. 17, 16
tecti obsoleti 1111111011. 10,7

11118111111111. 8.1, 106 ’

8111111 11111111. epi. 1, 22

8111111 repulse 111111 nentia iii. Od.

 

