1811 nom 11111111 11

1111111111 11 1111111 11111 1111111111 111-111111111Ὶ1ποι1.
111111, 11 111, 11111 111111111111. 11 1111111] 111111111.

1111111]Ν1111111111111111111 11 mm 11 01111111] aeg-t

111111 111111,111111111111111111111, 111111111111111111111111111111ι1
*1111111111’1111,1111111χ1111, 11 1111111111 11111 mu 111·
11111 (1111111111 1111111 uin 1111111111 11111111 1111111, 11
1111 111, 1111111111111111111111 11111 11 11111111, 11 111111οωί111
1111111111111111111. [1111111111- 1111111111 11111 ὴ11111111111111ς
11111111,’11111011111111111,1111111· 11111111· 1111111111111111,,111,1111
pulta, 111111111111111 1111111111· 111111111111111111 111 fni·
11. Η111117111111111111]111111111 1111111111 11111111, 111111 11111
1111111111111111111111’11111,11 111111 mbo-,hh- 11111111. 111
1111111111111111111111111111, 111· 11111111 111111 ltin 1111111111.
bom 11111111 111111111, 11111111 stunt. Hm] quuid 11111·
1111111111111111111. 1111111111 11111

111111111111111111111111111111111111 11 ciunt] 11111 111111. 11111111·
1111111111, 11111 ι1111111111· 1111· 1111]11 11111 uagum 1111111·

· 11111111111111111111111111111· 1111111111111111. m] 1111111111

1111111111111111. 111111111111111111.

a& 11111 11111111] 1111111 nm·- 11 Incumbit· 1111ι111111111-
111111 1111111111 ‘ 1111111111· 11111 1111111, 11111 111111111 111
111111’ 1111111 111111. 11111 1111 11111 111· 1111111 norw 11 111·
111111,’·11111111111,’11’111111· 111·
1111111111οέ 1111 111111 111111111 1111111111] 1111111111.

111111, 111 1111 111111 11111111, 11 111111 1111111111]11111“1111·
1111111111 111111 11111, 1111111111· 111 11111111 111111 111111. 0111
1111 1111111111. 1111111. 1111111111] caperet 111111] Qu· 11111111 go·
Deincepn. 111111, 11 111 1111111 1111111111

11111111] 111 1111111111111111. 111111111111111111111.
111111111111111111111111111111. 11 11111111 11111111 11111.

11 Vol 1111 11111111] namn 11· . 11 Quia 1111111] Qun 111111 Ln-
11111 11111111,1111111111111 111 111111, 111 1111111 111111, 11
1111111, 11111 11 111111111111111 plenum.

11111111111111 111111 11111 1111· 11111111 1111111111 1111111111ιίΙί
Μ mit· 111 111111111111111 111111 figur· 1111111 11 11111111 Pium:
11111111111111111111 1111111111· ‘ 111 111111 11111 1111111 1111111111
1111111111. 0111111111111 1111111 111111131111111. 1111111111 1111111]
1111111111 111111, 1111 11111 111111 111111111111111,111111111111111-
1111111 1111111,111111111,1111 11 1111111111111 111111111111111111.
1111111111111111111111111 11111111· 11 Enpedoclen] 01111 1111111 11·
11111 fructibus 11111111111111111 111 utrum [1111111111 11 8111111111
11111 1111 111111. 1111 1111111111 1111111. &eni-iun 1111111 m]
0111111111111111,111111111 11 11111 11111 111111 1111111, 111 11111111, 11
11 11111111 111111111111, 1111111111 1111 legebatur. 1111111111 11118111·
1111 fleri 111111 1111 1111 11111111, 1111111111111111 1111111,1111111.
1111 111111111111111111111 8111. 1111111111111111 1111111·
111-1111111111, 111 111111 11111111 11111111111,111111111111811111111
1111111111 erunt. Ν1111111 1111111 1111111111 111111111, 111 11111111·
pani· 111111] 111 111 11111111- ⁸ 11111 1111 eju· 11111 111111111111 in 1111
11111111 1111111 1111111, Fortun· 11111111111111,111 1111111 1111·

 

