111 nonmuu.

94199.9111..1119..,91141 911191,1119,11
09119 9191994914119199191119191, 21 0919111411 011. 20, 10
cepefi·⁸‚12o.i..‚Ep12012 0491149111
0911919911, 0, 0, 100. 0, 20 coi· (9191110102, 101
99119111 9191111111, 99
94199,4991,..1119,1.,,,11911919119.,’111

21. 11.,121.112. 102. 2, 20 A 0111911119 011102

Ρ..21200 09190191409 0, 2111, 00
0911999111. 0,00 0919111910, 00
0οὅ19191.(111.10,10. 11. 10, 12. is. 0919119911.0(1.20,17.11.Ρ.110

2, 121 · 0919110010
&mnodo ¹8, ⁸80 1989897918949 &lendicos-2

112110 0911111011. 0.21
09119911 Α, Ρ. 200 0911111. 11, 22
9919119111 couti 11, 91
01119199 10,1 09041112, 12
09194111.011.2,20 091149119919191193911. 0. 1, 00
0939411291. 1,220 0911419’·· 1110111, 10
091911. 0, 01 0911411111. Ρ 0
0919911111. 0.1, 110 0911491991ὶο. 0,10
cogemini. 011.0,01.1.0.0,1. ispi 0119991199

10,10 0111199141. 2, 00. 10, 11.· 11. 2, 20
09991141. 0. 1,11 0911911941, 10, 10

’11111 ⁷⁶ 0101οω

⁰ 1

91111911 .,.211 20,0 0911114ιωί,0912020
0911919111, 011.0,20 collegium!
0191919991991,1,9.1,.,1919 09091199101.1,1

11. ..191191 9119191111 11, 14
091111ΗΡ110<91999111111111911919> 0904410110οΑ2.11.12,12. 0.0,
099191100200. Α. Ρ. 111 1,11191. 0,0
9919199491 cambisem. 91
0991191911,0.0,,,200002 ‘Collibusivffomsomsspmo
&guadiam 09111 goii.8.1,.⁶1ii..‚}:pllno
0999411411 0, 00 0912891091. 12,1
cognotorumiisspi. 0, 120 0111999919

099991941οη1ωῆ0,010 imminu
0111191199 Colum 911994 pulverei. 011. 10, 20
0191911114,1.099.1ἰ.1,99.1,20104111111.Ερῑ.1,1
. cono indocili jugum 1191149194 111, 01.
9111111111 1911119 mpsim 99191111 11. 0.
mumistia, 101 1411911119ο vomerem 1141199199 0112,
mummi, 8 09119991911, 00
οο11119919202 111. 1, 00. 110.,1 0911919192. Ρ. 100
09119111 9991191111499999191911991. Epi.
0911099090091.1,200 10 21
camboni· 11 011. 0, 01 9991111991 1999 11111919 111. 011. 01,
waldi, ¹⁸⁴⁸„ 11949119 911914 11.0,12
0911911 1111119111 0 01 0911111410. 0, 00
0199919911. 10, 22 0919911101. 11, 12
mu ..11110111 11111111111111
0911οἜ01110.Ἅο P 09199941, 01100, 0. 11. 0. 1, 00

019119999119999.01.1,19 0919911991.291.11,0

 

