6116111111 111661. lm

' 1583 leo (11111166 6116166666 1616, 661 1.. 66 16 16116. Ρ6116.
11.

1664 len 11161166 (1Ἠ61666, 661161611161160116161161616-
1166611, 661616. 16116. 6.

- Leo OEnvreo (11161666 66 1616 11666616, 66111661616116.
Paris. 2 nolle 8.

1586 len OEuvren (11161666 16116 61 11666616 66 16 1166661166
6661611666 11611611611161. chevalier d'Agnenux. 16116. 8.

1596 Len (1161161 (11161666, 66 16 1166661166 661161116666, 66
prone. 1611611611. 8.

1618 8611166Ἠ61666,661)1666616 661 166116, 11666116 66
11666616. C. Nego. 16116. 4.

163311161666 11666611 66 61666, 661 16616111111661666.
Rolin Baragneo. 16116. 8.

1661166 (1161166 6Ἠ61666, Latin 61 11666616 66 61666, 66
16 1616166 66 111611. 66 1116161166. ’1666611111 061661. 161161
1611. 6.

1656 166 OEuvres du 116616661 1116616, contenent (11161666 .
61666661616166,116661166661616116666166’,Ηο1666 616. 661011.
86161 1611611 11661681.

1660 166 (1161166 61161666 66 Latin et 66 11666616 6616 161-
6166 66 Μ161ι, 66 Marones, 1161161161 Guil. 66 16166. Parios 8.

411164 0666 61 1166666 61161666, 6111116116 661161666666, 66
1616. Ρ6116. 8.

16661166661166 61161666 116661 61161666, 66 1616, 66116
116616661111661616116. 11.

1610 166 (1161166 6’,1161666 66 prone, 661 111666 66 1161116666.
161168.-

1678 16611161166 61161666, pne 111611. 66 Marones, 66 61666.
16116. 8.

- 1161666 6616 1166661166 66 Μ. 111666 66 1161116666, 66
61666, 1 1611. chen 1666 11661. 06166616. Paris. 11.

1681 1661616666 0111116666 661 166 (1161166 61161666, 6166 666
nouvelle 1166661166 per 116616 1166161. 10161. 116616 11116111.
1611611.

1664 Len OEovree 6116166666 1111166166 11666616, 66 61666,
661 Μ. 111666 de 616111666616116. 6.

- -16166111666 61161666, 11666116 66 1616 11666616, 661166.
1611666161 11666. 111611 66 1111666666. 16116. 6.

 

